7849496
6816989
6819574
6820408
6816180
6816980
6816668
2715379
6816071
6816068
6819224
6821359
6819175
6826031
6826890
6825856
6829984
6827156
2715400
6818555
6818884
6822698
6816907
6816695
6864181
6826697
6816090
2715416
6817560
6829445
6816649
6816671
6837183
6816415
6824797
6821313
6821557
6824971
6826356
6816514
6817292
6824812
6816658
6821538
6825755
6819657
6821539
6825724
6829283
6831629
6816691
6816922
6838142
6817054
6829356
6826901
2715457
6823246
6819043
6816609
6818501
6825951
6827610
6817339
6820171
6817189
6817034
6816760
6832915
6817019
6821960
6866563
6826099
6816997
6816710
6819727
6818178
6826483
6828709
6829396
6817306
6818972
6824009
6817037
6864999
6820121
6818519
2715510
6829400
6818171
6819153
6816807
6827170
6822171
6829453
6825693
6829031
6820460
6824879
6817321
6817134
6817565
6817338
6826130
6817322
6825642
6817662
6821503
6820843
6817073
6817511
6818313
6817040
6817902
8962808
6817121
6817484
6823452
6845496
6821340
6818379
6816622
6825828
6822170
6818558
2715294
6825433
6818112
6817357
2715637
6819545
6820914
6818201
6817283
6878210
6829413
7001536
6819378
6817688
6819383
6822807
6820600
6821132
2715664
6831634
6822087
2715665
6829415
6820569
6820198
6818487
6819216
6818981
6839193
6819044
6824217
6820862
6820878
6819020
2716505
6822352
6823873
6823528
6826714
6822357
6823772
2716516
6821560
6845024
6819986
6822882
6818842
6818233
6826134
6817148
6867219
6817556
6820831
6818193
6817779
6818228
6819160
6866951
6819168
6818286
6817456
6821211
6817612
6818740
6817616
6819753
6823036
6817833
6817633
6818548
6919380
6818069
6818082
6821489
6818071
6826041
6827644
6818836
6817860
6821561
6818577
6819104
6819511
6818875
6819610
6839195
6817997
6818446
6829555
6818696
6867884
6820164
6829559
6818561
6826610
6824913
6829579
6826720
6820518
6818794
6839198
6818953
6867166
6827840
6823415
6867885
6829586
6820174
6822888
6820833
6829587
6833296
6817811
6819029
6837196
6819713
6829484
6822673
6829492
6829493
6819595
6820159
6829489
6818652
6818906
6818739
6829504
6824536
6825078
6829506
6819860
6817581
6832031
6825041
6820343
6819399
6819468
6825287
6824916
6825650
6818933
6820260
6820071
6818834
6819157
6820369
6829258
6829521
6829523
6821975
6876955
6818747
6820015
6821525
6817923
6819181
6819176
6826478
6825062
6827620
6820162
6819320
6819134
6829490
6820163
6817585
6819369
9086187
6829502
6819895
6826579
6816251
6825504
6820209
6829507
6820314
7594981
6820100
6821014
6821515
6823887
6864970
6820785
6829535
6820864
6820762
6818717
6822076
6827639
6829540
6823291
6829563
6820661
6820735
6825939
6819505
6827148
6825730
6820683
6829567
6820733
6821035
6818378
6828936
6819769
7086766
6820790
6823292
6826449
7891867
6825633
6825782
6826497
6821485
6821447
6824378
6821381
6829573
6828493
6830262
6821394
6872563
6845376
6819571
6816998
6819857
2715621
6820850
6829421
6819594
6817739
6817846
6817852
6823143
6819806
6820874
6839853
6831653
6867244
6820557
6829530
6817132
6817123
6819591
6867890
6829564
6821155
6823181
6819466
6820016
6822351
7082228
6816067
6818078
6834580
6821254
6867891
6817851
6825125
6832024
6817460
6817192
6866671
6866596
6817243
6867436
6832407
6817847
6820752
6829463
6829500
6828689
6845404
6816080
6818804
6834516
6818183
6819858
6867892
6832474
6823217
6816150
6829591
6831630
6816338
2715409
6824130
2715506
6829406
6816408
6827847
6828804
6816614
6820062
6830261
6830258
6822535
6831298
6821855
6817424
6865219
6826491
6834246
6829498
6867810
6820450
6829499
6816098
6817345
2715360
6842224
6827636
6829557
6829546
6818142
6827637
6821320
6829448
6818185
6827646
6823192
6819854
6817305
6826336
6816118
2715475
6820437
6828252
6818657
6825963
6822579
6826069
6820925
6819673
6820604
6827162
6818770
6826396
6816332
6823092
6825933
6867893
6822125
6824984
6818835
6818259
6817621
6867894
6825668
6823122
6818258
6816426
6866030
6819034
6819429
6826639
6818240
6823390
6823195
6823252
6832366
6818798
6818321
6834284
6820464
6821766
6828565
6820130
6823258
6823582
6820024
6823126
6819191
2715467
6818123
6826715
6827570
6876338
6822825
6822774
6838509
6829361
6826446
6827113
6819254
6832852
6817485
6829505
6816358
6816943
6865409
6829589
2715296
6816120
6825232
6826062
6822270
6818485
6819223
6829539
6819855
6817429
6867895
6842321
6832471
6846481
6845046
6837812
6820871
6867896
6829167
6830118
6823861
6876339
6831314
6829417
6832472
6818931
6828723
6821066
6818675
6830346
6831304
6827427
6825035
6832221
6829532
6824122
6819280
6823096
5423704
2715507
6831636
6823200
6830144
6829479
6835109
6828348
6823326
6823114
7004388
6828495
6829778
5423707
6827390
6823266
6831309
6831647
6827580
6827643
6827737
6829584
2715639
6823080
6816643
6817348
2715528
6819441
6826856
6824906
6816464
6829450
6819818
2715511
6817946
6821610
6820137
6819324
6826167
6822852
6829379
6818648
6818807
6820647
6821677
6826191
6816037
6867237
6820327
2715307
2715027
2715545
6829519
6867206
6821159
6821072
6818139
6817837
6817553
6822039
6819560
2715480
6821188
6822248
6819353
8168219
6820351
6826171
6817841
6818252
6816694
6819398
6818434
6829580
6832391
6818452
6817901
6827848
6830347
6817216
6827418
6867898
6819048
6819024
6816615
6819810
6816772
6816753
6845043
6818665
6816782
6879027
6819943
6829485
7586162
8649984
6820058
6816675
6820065
6829482
6820405
6822145
6821444
6829458
6817440
6818168
6817797
6816763
6823851
6817017
6832339
6816111
6828295
6816086
6829371
6821662
6826586
6841947
6822009
6819535
6827850
6830145
6867292
6819679
6818303
6821288
6823251
6816872
6838205
6825429
7027116
6822875
6822315
6829588
7594990
6816181
6820565
2715463
6822126
6821233
6872576
6829486
6817604
6817737
6872577
6843765
6827819
6818124
6817351
6820489
6825836
6829481
6829394
6829360
6818924
6829503
6829528
6823040
6819004
6819853
6826548
6824498
6831286
6827638
6823344
6867899
6840476
7094020
6867901
6824120
2715352
6829391
6829412
6829083
6829556
2715472
6829514
6867902
6820584
6818587
7594992
6880092
6823453
6823337
6829262
6829401
6823281
6823951
6829444
6826287
6825227
6826900
2715370
6829375
6829510
6816744
2715415
6830884
6102924
6864522
6816013
6880057
2715646
2726278
6829513
6825767
7081096
6823128
6829366
2716496
6829383
6821020
6829407
8343985
6878080
2715482
6829496
6817584
6841615
6820359
6823055
6830200
6827649
6826537
6823854
6829508
2716574
6867903
6867904
6823410
6872578
6832916
6822991
6823230
6823186
6823166
6824121
2715471
6823172
6826430
6823912
6823076
6822237
6867905
6822985
6835003
6829547
6829566
6825001
6823485
6831642
6823054
6822922
6829395
2715371
6823455
6843723
6867907
6872579
6831650
6829373
6823101
6829381
6829515
6826448
2715437
6829404
6826541
6822218
5423722
7076509
6829553
6829562
6836440
6867908
2716461
6841122
6823818
3988659
6823828
6880226
6823876
6829426
6867909
6829495
6829357
6824127
6829449
6831325
5494594
6827346
6824101
6867910
6821578
6880257
6867911
6827914
6828047
8349761
2715626
6829552
6880267
2715504
6821725
6829302
6821834
2715200
6829377
6829525
6823349
6822868
6867913
6867914
6865077
2732412
6831821
6828418
6824453
6829844
6823323
6829550
6827238
6825577
6843915
6823896
2715299
5423731
6831637
6831639
6824599
2715624
6832027
2715543
6833719
6831648
6829456
6829494
6821784
6829565
6824580
6837602
6826857
6829568
6830255
6829414
6832450
6834383
6831632
6834385
6831306
6832533
6829403
6830260
6822389
6831631
6830121
6830214
6829124
6819443
6829639
2716746
6829464
2715428
6831640
6823681
6828803
6830259
6826817
6826815
6824731
6830254
6829581
2715494
6842349
6843948
2715473
6834165
6823492
6829345
6831654
2715368
6827249
6842364
6829476
6867915
6829454
6867916
6829416
6829531
6864487
6829188
6821924
6827217
6867917
6823553
6867918
6821987
6827218
6867920
2735643
6839751
6826822
6824454
6829354
6822478
6829491
6821925
6823609
5423743
2715549
6829544
6822903
2715440
6824651
6827566
6823584
6832244
6829410
2716475
2340698
6867921
6829362
6826881
6822821
6827164
6841123
6825922
6829575
6822695
6865408
6829554
6829570
6823740
6823434
6833615
7101845
6867922
2735655
6824654
6842365
2715672
6829542
7086309
6827648
6827650
6834668
6864150
6837131
6823309
6829569
6864156
6827227
2715649
6829419
2735731
6831242
6826615
6823583
6823678
6829398
6829411
6823389
6827854
6829560
6829418
6829524
6829572
6827050
6823608
6829509
6829583
6829399
6872580
6830132
6829511
6827573
6823579
6828261
6830131
2716575
6830128
6867923
6826467
6823388
6872581
6823749
5423749
6830126
6825596
6826053
6829538
6829378
6829393
6827248
6867924
6829545
6826864
2715620
6826559
6827094
6827168
6828909
6829522
2716499
6829387
6826916
6827493
6827479
6829263
6864405
7582446
6827434
6827492
6867925
6867926
6829574
6827160
6825874
6829516
6829389
6825063
6829534
6826563
6825597
2716485
6867927
6867928
2715407
6829551
6830129
6829130
6829536
7027120
6829537
2715423
7595002
2715474
2715369
6829200
6828107
6831269
6826185
6838510
6826400
6826271
6867930
6830127
6826297
6829582
6865123
6828397
6829488
6829549
6867931
6831208
6829558
6829430
6829465
2715630
2715538
6829571
6829527
6864638
6830199
6826660
6837406
2716812
6865276
6823398
6829182
6837604
6829577
6828983
8569779
8618257
2715464
6828902
6829501
6829462
8569780
6829518
2715677
6867932
6836269
6829460
6826233
6829541
6829422
6865002
6828420
6831644
6826231
6827944
6867803
6867934
6827132
6867935
6826288
6865130
6829392
6826544
6829226
6831338
6829382
6829131
6817666
6819483
6821504
6817022
6816230
6816678
6817697
6816913
6817080
6817689
6818823
6817003
6818317
6818763
6816995
6818024
6816821
6817109
6817998
6825821
6818500
6818427
6821372
6819112
6819587
6819708
6818824
6820409
6820468
6818073
6820441
6820180
6819543
6817336
6817675
6819403
6819652
6818862
6819653
6818080
6818188
6818003
6820000
6817640
6818837
6819357
6818087
6818732
6818829
6818943
6821373
6820953
6821209
6821449
6820200
6818545
6820620
6820552
6830602
6820671
6819827
6819730
6821259
6816515
6821118
6817651
6820342
6819115
6820251
6816632
6821856
6864324
6820894
6818553
6817487
6822379
6818678
6816961
6820056
6817848
6819532
6819525
6819804
6823790
6823515
6816296
6816354
6817843
6820309
6828530
6816597
6818900
6823248
6825950
6816292
6816138
6816117
6821236
6823049
6823946
6821701
6816139
6823466
6817929
6821920
6815989
6819802
6818301
6816939
6866345
6817734
6817920
6818283
6816334
6818586
6822919
6823168
6822109
6818220
6822952
6826238
6826658
6826524
6823260
6830585
6822174
6830605
6823140
6830583
6821678
6822222
6824062
6824635
6830595
6823819
6827187
6830590
2726971
6823644
6824472
6830597
6824144
6823546
6830592
6824602
6830610
6827902
6822421
6830604
6830606
6830607
6830211
6824574
6830587
6824475
6830609
6824720
6830596
6830608
6824406
6880139
6823673
6823004
6830616
6826246
6830591
6830577
6825514
2726981
6823551
6830580
2730478
6831386
6825831
6827888
6827889
6830599
6830594
6830618
6827498
6825358
6830576
6830600
6829594
6830582
6825403
6831379
6826117
6825981
6830603
6826144
6826394
6826345
6826309
6830601
6827134
6830598
6827097
6831388
6830584
6830588
6831367
6831417
6827609
6829808
6821363
6867638
6816356
6816257
6825595
6829603
6817053
6878720
6865143
6865157
7027121
2717005
6816321
6844813
6819419
6820330
6819081
6825076
6826778
6831127
6839633
6837881
6833407
6837935
6837516
6827415
6827430
6816699
6826597
6866192
6866302
6878425
6866488
6880089
6827315
6864703
6819839
6817405
6817677
6819909
2716104
2716105
2716102
6821092
6819950
6820480
6822784
6826811
3026447
6830749
6818649
6818628
6818629
6818691
6818615
6818646
6818626
6818690
6818630
6824029
6818641
6818671
6825873
6823791
6823863
6823796
6824134
6822341
6824553
6825535
6825536
6826205
6825973
6826204
6826262
6826320
6826319
6816425
6816650
6816477
6825745
6822884
6818129
6819605
6819606
6820897
6819969
6818235
6824104
6830782
6826554
6818270
6817646
6823175
6823904
6823976
6821653
6824399
6824636
6827530
6821733
6825867
6830870
6827010
6827466
6822479
8215298
6867057
6816021
6833871
6827336
2694456
6865111
6826431
6829208
4152663
3353459
2716381
3424987
3424958
3260689
2712703
2712704
2740460
6865322
2775872
3270943
3255212
2716629
2723569
3100957
6818492
6816846
6819078
6818497
6822078
6827796
6823185
6816223
6816721
6821946
6816954
6816908
6816473
6821105
6818385
6818990
6818810
6818158
6818161
6819058
6821907
6818531
6822324
6822108
7090090
6816465
6816466
6823045
6816765
6820113
6817024
6819686
6820084
6816085
6825228
6823077
6833931
6833114
6831108
6829732
6829813
6828385
6816827
6816853
6819709
6822584
6817791
6830770
6823884
6824716
6830689
6821796
6864247
2837369
6825602
6831080
6831145
6830866
6829187
6828403
6826853
6829833
6829693
6831028
6826214
6829349
6827130
6816439
6818288
6816105
6816337
6816948
6816927
6816549
6816393
6817222
6816767
6816714
6821197
6817461
6816773
6817961
6819390
6821049
6819768
6818614
6822149
6817071
6820958
6820371
6821182
6819829
6819141
6817250
6819047
6819955
6818018
6818307
6819927
6819339
6819983
6820146
6819966
6823282
6819729
6821371
6825143
6821265
6821207
6472700
6818198
6816248
6823962
6819542
6818466
6826631
6816869
6817606
6817638
6817346
6817692
6820310
6817209
6844481
6819125
6818294
6867527
6829699
6816335
6829681
6820895
6818110
6822834
6829725
6822017
6820266
6817422
6824712
6819837
6818509
6817102
6822159
6825196
6817472
6831132
6819315
6819041
6829743
6828273
6830993
6823514
6821591
6816990
6824626
6830847
6816052
6828380
6830801
6826063
6818116
6816147
6830340
6831021
6830783
6824723
6823961
6823963
6829697
6838868
6880091
6826002
6833998
6827713
6865369
6830788
6825447
6820383
6827904
6821655
6831098
6823356
6830854
8804168
6824151
6823467
6824621
6821748
6831122
6823394
6823082
6823945
6831003
2725788
6822838
6828388
6830913
6822038
6822032
6818473
6830805
6831055
6816605
6829788
6826335
6818601
6820156
6820589
6816029
6816073
6816447
6821019
6818337
6865926
6817656
6825067
6822668
6817827
6817669
6816666
6819847
6816015
6816789
6820521
6825527
6816931
6819450
6834688
6817190
6829806
6819474
6844953
6820099
6820269
6819082
6818428
6817379
6830958
6838149
6838151
6823448
6822035
6831073
6822514
6830802
6831054
6844714
6828567
6825129
6830954
6823920
6826924
6829190
6832095
6830787
6823576
6830806
6830856
6828396
6824004
6830810
6831083
6824022
5423776
6827051
6831077
6829661
6833914
6832955
7092043
6828381
6823940
6838349
6822770
6824067
6821721
6822439
6825865
6829120
6830747
6829749
6824711
6822074
6831059
6830778
6833129
7816732
6829745
6829210
6824666
6829783
6833860
6829791
6829694
6830332
8358348
6829677
6824631
6824506
6830945
6838350
6829095
6829748
6829179
6831063
6832886
6824581
6824388
6830997
6830921
6825955
6836774
6832980
6830722
6823693
6828586
6827521
6832812
6830957
7667212
6831143
6823655
6826181
6827599
6833021
6827172
6823524
6833096
6828052
6829684
6830952
6823830
6833319
6831330
6829704
6823831
6825832
6830852
6830918
6830676
6831074
6830992
6831001
6830697
6828085
6829214
6826917
6828082
6832950
6830938
6830963
6829706
6830970
6838351
6831019
6830976
6829811
6822469
6826277
6866621
6838541
6831056
6826315
6827852
6831035
6829369
6824647
6830800
6823596
6823541
6830279
6827966
6831103
6823646
6827200
6830814
6831900
6827967
6825019
6831748
6830998
6831020
6831140
6831034
7089858
6831014
6829793
2732616
6831106
6828323
6830955
6831150
6830878
7802311
6829764
6827158
6830880
2734720
6830817
6831057
6832989
6829691
6827878
6833166
6831051
6844303
6866599
6829807
6830371
6830853
6833308
6829731
6830694
6830790
6830750
6826006
6830891
6831018
6831090
6831088
6831138
6830873
6830824
6833025
6829819
6829689
6831620
6834740
6829663
6829692
6825426
6831075
6829846
6830967
6829781
6829801
6827780
6830908
6829823
6829461
6827127
6829676
5423781
6829702
6829686
6829175
6833986
6830916
6829789
6831123
6827230
6829799
6832923
6825992
6825960
6829722
6829675
6834861
6829796
6825980
6830713
6827175
6826142
6830986
6830775
6830876
6830857
6833103
6830726
6831147
6830894
6830695
6831024
6828588
6826444
6829642
6828554
6830834
6830902
6830850
6830869
6830323
6826295
6830430
6830807
6836317
6831061
6830886
6833317
6834973
6834189
6831146
6833002
6827488
6832972
6829655
6830784
6831141
6830947
6828274
6828373
6830831
6828313
6830706
6827513
6830797
6830719
6831044
6828412
6830789
6831099
6830708
6830889
6833985
6831033
6831081
6831113
6830819
6830843
6830725
6831065
2728409
6830811
6833058
3838782
6827924
6840535
3036548
6830724
6831025
6829598
6830901
6833963
6832089
6830840
7811358
6830841
6842370
6830965
6830771
6828286
6817384
6819170
6823860
6817912
6816795
6818021
6818532
6817435
6817730
6819303
6817610
6817167
6819675
6825548
6818079
6822597
6820434
6819629
6818868
6820048
6823098
6822864
6825999
6823882
6832666
6830278
6823703
6864598
6844553
6821857
6817356
6818125
6818708
6820578
6819295
6819210
6819832
6819061
6817558
6818046
6818482
6819813
7895575
6826495
6819413
6822740
6818094
6819261
6819893
6818065
6817805
6816547
6816289
6816975
6820567
6820856
6823421
6820017
6823371
6823399
6830266
2909731
6833529
6817067
6818170
6826014
6833510
6867168
6824088
6824118
6827096
6821785
6821751
6822036
6826818
6824706
6826762
2909257
6822721
6828906
2909742
6823688
4590219
6829459
6833509
6825603
6833517
6826852
6833534
6833521
6833781
6826222
6840508
6827630
2909700
6833515
6826783
6865713
6833514
6828438
6827605
6833774
6821358
6839869
6822960
6816756
6816690
6819683
6867225
6831162
6816064
6816250
6818570
6816386
6872582
6816157
6816360
8139166
7641390
6824091
6824774
6821535
6816503
6816168
6816156
6816234
6816233
6818417
6816274
6826655
6816232
6816275
6816174
6866052
6816241
6872583
6816197
6816201
2905791
6816647
6817505
7086132
6841943
6816159
6815997
6816221
6816126
6824776
6816119
6816218
6866614
6816276
6881694
6816519
6866257
6356547
6821478
6894605
6821917
6816367
6822974
6816949
6816194
6816757
6816803
6816727
6819448
6816912
6821204
6815999
6820968
6817039
6816711
6817108
6816555
6826606
6820919
6816213
6866180
6816365
6825385
6826692
6816506
6816488
6866046
6866060
6816492
6821429
6816369
8672803
6822811
6818494
6821393
6818899
6816207
6817945
6816346
6821104
6818098
6816261
6816294
6816203
6816467
6816457
6816776
6844952
6816434
6816518
6825376
6816796
6866149
6816079
6826043
8350703
6816190
6817398
6816587
6816759
6816482
6867585
6816319
6816450
6826111
6817703
6816177
6826701
6816584
6816562
6816240
6866496
6816364
6816620
6817786
6823025
6864824
6817200
6816651
9071928
6825471
6817172
6816905
6816398
6816463
6821440
6816284
6820221
6825799
6816420
6816901
6866047
6816437
6822559
6816491
6866116
6817029
6880159
6817018
6866336
6816449
6822616
6824807
6824794
6866050
6824805
6866483
6817441
6816419
6821431
6837577
6816709
6816490
6817325
6825270
6816777
6867846
6816474
6816657
6818100
6816416
6816509
6818377
6816299
6816485
6816281
6817171
6816648
6816131
6866107
6816552
6817051
6832246
6816320
6828601
6821059
6819247
6816487
6817578
6816618
6817012
6816300
6819846
6866485
6825352
6818111
6816502
6816484
8639292
6816582
6816634
6816688
6816542
6816613
6824809
6833483
6816567
6825485
6816574
6816778
6816418
6835762
6816440
6816499
6816653
6817258
6816663
6817967
6816852
6816399
6816766
6816026
6824808
6816316
6825530
6816851
6817226
6816761
6816516
6819028
6816628
6822538
6816670
6816400
6817206
6825598
6867853
6816652
6816676
6816394
6816673
6816848
6816897
6821476
6816654
6817168
6819655
6819083
6816926
6837729
6837730
6817747
7029942
6821306
6817248
6821289
6825572
6817112
6876069
6816697
6817247
6822449
6816963
6826635
6817373
6838918
6816556
6818061
6817233
6817111
6819440
6820980
6816635
6817354
6821513
6820699
6816786
6826348
6817636
6817118
6817337
6817459
6816914
6839743
6872585
6816726
6838352
6817195
7029943
6817294
6825071
6821278
7029944
6816581
6817538
6817400
6816445
6816455
6822685
6816938
6816899
6816723
6816911
6816637
6821170
6866112
6822753
6866224
6817463
6816855
6866176
6818602
6817446
6827936
6817006
6817129
6822113
6817135
6816012
6825082
6816984
6816686
6816785
6822199
6078281
8260315
6877766
6816840
6818484
6866479
6816573
6867800
6865622
6866494
6817358
6817377
6819027
6866435
6866454
6866368
6817465
6817705
6816798
6816558
6818870
6867142
6817387
6816027
6817690
6867707
6817374
6818892
6817183
6866452
6817010
6820857
6821903
6845140
6817393
6820363
6867135
6817103
6866734
6866326
7808296
6816633
6816577
6817074
6817245
6817011
6822499
7743391
6824924
6825263
6818799
6817312
6818811
6817434
6817060
6866342
6817318
6816936
6821961
6817432
6818914
6816521
6866865
6822587
6820750
6817403
6817948
6831234
6816621
6818251
6816687
6817408
6816802
6817657
6816748
6821115
7029945
5423918
6828003
6818595
6819363
6817180
6872586
6821348
6826828
8711746
6816820
6866226
6866214
6816920
6817115
6816806
6817364
6816804
8880966
6817046
6816902
6817937
8651965
6817020
6821516
6816630
6816302
6816698
6866203
6877995
6866210
7106756
6816308
6817359
6820902
6818491
7747537
6819051
6821990
6816947
6818684
6822278
6819884
6818401
6820165
6819042
6817508
6819341
6820880
6819124
6817308
6818175
6817181
6816836
6816835
6816792
6817715
6816689
6817709
6819921
6821967
6819687
6819592
6818855
6818033
4255034
6816970
7149525
6866178
8151385
6816544
6818591
6825708
6819553
6822090
6817372
6820007
6821291
6817217
6819668
6817271
6822186
6818958
6816925
6817231
6817095
6826974
6825354
6867272
6817549
3262262
6819897
6817186
6817188
6817327
6832609
6817924
6822136
6825789
2862891
6867039
6817281
6822887
6818996
6817099
6820167
6817085
6822188
6842858
6818335
6816831
6818287
6817577
6867169
6866335
6817328
6817041
6817237
6866412
6816900
6816655
6821976
6817042
6821009
6817466
6817049
6818382
6819036
6817395
6818319
6817554
6821534
6823914
6822793
6824992
6867208
6866748
6817133
6864854
6818099
6817507
6817204
6824877
6821811
6826499
7029947
6819057
6818946
6817182
6845052
6819928
6824878
6818551
5518185
6819555
6819389
6818374
6825487
6818328
6820938
6838353
6822269
7796030
6817430
6839700
6818777
6820817
6817230
6817176
8238968
6818388
6819961
6817178
6817568
6817780
6819510
6817778
6877987
6817814
6817238
6816752
6822791
6818055
6821421
6816527
6817495
6817342
6817497
6817072
6817938
7620228
6822127
6817341
7620229
6819445
6817174
6817620
6816994
6817361
6818262
6817297
6819138
6027840
6821453
6824883
6822241
6816814
6818546
6817704
6821644
6818753
6820996
6817193
6817741
6819287
6826469
6817119
6832170
6819288
6833876
6817084
6817619
6821341
6818314
6818239
6817983
6818324
6817782
6867940
6816376
5518186
6819103
6824886
6819241
6817223
6839702
6818542
6822097
6817114
6818260
6817157
6864347
6819681
6831613
6820459
6818052
6829050
6817452
6818734
6819430
6866357
6817453
6818550
6818023
6818297
6819184
6820458
6818392
6819502
6817389
6818309
6819722
6819611
6817445
6819338
6840880
6819544
6820189
6820815
6820012
6818013
6818902
6819387
6817220
6818854
6817290
6819701
6817259
6819703
6817458
6880187
6818871
6819244
6818001
6818000
6820802
6824172
6818616
8278280
6872592
6817850
6817760
6867024
6819725
6830493
6830513
6824181
6819346
6818361
6818218
6822128
6820924
6818180
6828025
6818668
6819507
6819690
6819698
3193385
6822227
6820927
6820823
6818486
6818308
6818306
6820704
6822152
6818797
6817794
6818575
6818020
6818774
6818019
6820962
6817279
6816867
6818012
6820821
6817735
6818243
6818223
6818312
6818256
6867207
6829234
6829235
6818632
9394301
6817410
6821505
6818514
6817269
6818611
6817832
6821968
6821438
6821295
6822746
6822382
6821495
6821954
6826381
6820175
6825351
6822808
6825048
6821305
6817706
6821058
6821494
6820608
516133
6820641
6819145
6826379
6818814
6826706
6818405
8431069
6817272
6821149
6818624
6817982
6818128
6818640
6819032
6817853
6820841
6831726
6816526
6820504
6865449
6817941
6822483
6818157
6818913
6819284
6817242
6816639
6817391
6819421
6867196
6818767
6817921
6818796
6818165
6817334
6817543
6819289
6819385
6820534
6817861
6817092
6816040
6817094
6819116
6819140
6816968
6817979
6818472
6817382
6819163
6821018
6817091
6819717
6817431
6866411
6822757
6817960
6826055
6818518
7029948
6830530
6817783
6817644
6866453
6819379
6817874
6817916
6816545
6819114
6825544
6817412
6817520
6817480
6820971
6865852
6821446
6817781
6825238
6872593
6821492
6820443
6817685
8881136
6841804
6817728
6817684
6818230
6825081
6817940
6819422
6864569
6833834
6819395
6818204
6817707
6864209
6818254
6819712
6817731
6819050
6817732
6819600
6819715
6825060
6816809
6819601
6816918
6819732
6820442
6819415
6819458
6817555
7029949
6818866
6816702
6816590
6825532
6823330
6817137
6818911
6819891
6818651
6818172
6864254
6818772
6819121
6825754
6818077
6821854
6817335
6819424
6864316
9393702
6819106
6817825
6867232
6866433
6818070
6825515
6817842
6818072
6817895
6819831
6818345
6867221
6818141
6818295
6818164
6819142
6845080
6821093
6819589
6817765
6821551
6820422
6819271
6818229
6819340
6817766
6818896
6820923
6866673
6818174
6820556
6831401
6819074
6826643
6817532
6819335
6820328
6818968
6818523
6818962
6818066
6819551
6818267
6820398
6816887
6820211
6866445
6822498
6817993
6817274
6817863
6817533
6817572
6818212
6819306
6819107
6817539
6820433
6822927
6818961
6819979
6819442
6867152
6819079
6818067
6819076
6819092
6818751
6817295
6820991
6817893
6818957
6819345
6818290
6818059
6821120
6866981
6818062
6817872
6819473
6817714
6818014
6820326
6820626
6819962
6819739
6819512
6819614
6819696
6821121
6819776
6819064
6818006
6817499
6817784
6825765
6818074
6819736
6818583
6819775
6818203
6817668
6818011
6817873
6867133
7710198
6817785
6819167
6866724
6866733
6818092
6817771
6818831
6819177
6824241
6867195
6818830
6819692
6818844
6820380
6821472
6818096
6845071
6818132
6818898
6866480
6866763
6817942
6822925
6877220
6818930
6821230
6151759
6818852
6824441
6818189
6817761
6818524
6819486
6816876
6818445
6818135
6821467
6820840
6819738
6821253
6820400
8677070
6818095
6823999
6817455
6818134
6818219
6818159
6817962
6817641
6820396
6845053
6817985
6818276
6817826
6817931
6867109
6821152
6817754
6818977
6818269
6845073
6818292
6817869
6818209
6823022
6821218
6818918
6820596
6817889
6817828
6819476
6818917
6819266
6867146
6818925
6820881
6820952
6816841
6820886
6819267
6820959
6819360
8332151
6819250
6867687
6866617
6818150
6819132
6821521
6824565
6819500
6820321
6820830
6821083
6818749
6823674
6867064
6818173
6866509
6816077
6819065
6817831
6866510
6820023
6866688
6817999
6825476
6825500
6819602
6817203
6827179
6818818
6817939
6826972
6817680
6818016
6821205
6817803
6816173
6816784
6818815
6825472
6817800
6818300
6817631
6822593
6817637
6819351
6818222
6819957
6821154
6819661
6864064
6819811
6820212
6820452
6819537
6819989
6825563
6818528
6820144
6876224
6820869
6819885
6818496
6821392
6821299
6821309
6819040
6821361
6818907
6821007
6819808
6817790
7881346
6818027
6867838
6867706
6872594
6818547
6819130
6818109
6820981
6826941
6818044
6819740
6819297
6817867
6820077
6864277
6824286
6821292
6818004
6819296
6815990
6819293
6819630
6820903
6821011
6820807
6820893
6818530
6819880
6818660
7754133
6816384
6819329
6817221
6825361
6818674
6818826
8639517
6825055
6819432
6825574
6818037
6818038
6819326
6825519
6818041
6818042
6820917
6818664
6866793
6816028
6818775
6830397
6818476
6821488
6818043
6819565
6818474
7754176
6816312
6821496
6818627
6818356
6818008
6821006
6819202
6825573
6825113
6818813
6822481
6819674
6821315
6819726
6820921
8236765
6817796
6864476
6880136
6819548
6876954
6866795
6825587
6818126
6819523
6820038
6818578
6824292
6819870
6819623
6818872
6819508
6867468
6824284
6819075
6818468
6818572
6818470
6818704
6818725
6819417
6820013
6819547
6840437
6819619
6825463
6824964
6819741
6819506
6819617
6818449
6819911
6818600
6839514
6821032
6821034
5593137
6867294
6819093
6845078
6817986
6820044
6821203
6819515
6818719
8163757
6819889
6864238
6820891
8163758
6820577
6819091
6819624
6820350
6866792
6824920
6866741
6819940
6867049
6825049
6819402
6820157
6820892
6820081
6823712
6820510
6821065
6821892
6818625
5409448
7462371
6825047
6818140
6820281
6821252
6822229
6819300
6821087
6819954
6844974
6867060
6820720
6819980
6841596
6867625
6823589
8168220
6819401
6816952
6818780
6819411
6819758
6818891
6820461
6820338
6820928
6819471
6818650
6818889
6818663
6819462
6818298
6824303
6818540
6867058
6818391
6820185
5904046
6819373
6841958
6817145
6823891
6820223
6824306
6819913
6820629
6818666
6865861
6818255
7747533
6819868
6837965
9084685
6818938
6819452
6819902
6819867
6819101
7029951
6819410
6819096
6819008
6820263
6819268
6819269
6820402
6820684
6819270
6820201
6822211
6820581
6820410
6820073
6818421
6820049
6824954
6820119
6822192
6820593
6820764
6820475
6820931
6820860
6820217
6822236
6820118
6820116
6820090
6820139
6820692
7716532
6822053
8172678
8172686
6824937
6821877
6820530
6819680
6819302
6817138
6820412
6840270
6824911
6821000
6820580
6821046
6867626
6867702
6821003
6821002
6820423
6822216
6820370
6820050
6819099
6867590
6825058
6820560
6820135
6820063
6818617
6819997
6878817
6819109
6867291
6867254
6818426
6825694
6824948
6867764
6821098
6821036
6867354
6819672
6825558
6821122
6820074
6820697
6816972
6818986
6819796
6826406
7740867
6822220
6819222
6818504
6821810
6822209
6822208
6824312
6867153
6819218
6820961
6818420
6817165
6818864
6818227
6820059
6820801
6825332
6824950
6819761
6820631
6819117
6818225
6820055
6820563
6816035
6826077
6818224
6819409
6819942
6819705
6820184
6823512
6820863
7592317
6816531
6819355
6819995
6819497
6819139
6833611
6867353
6872595
6865962
6825089
6864769
6865997
6872596
6819723
7640399
6820372
6820566
6820430
6820376
8194962
6825456
6820479
6820181
6820427
6819914
6825309
6821826
6820377
6826382
6825364
6824321
6821109
6824318
6821144
6820276
6820232
6825148
6821308
6843023
7029953
6823941
6878452
6819890
7771940
6821044
6820472
6820972
6845130
6867617
6825815
6830351
6821060
6820918
6817311
6867633
6819974
6820710
6824969
6819828
6820096
6820640
6820041
6818984
6825667
6819785
6819039
6827984
6819951
6848087
6834011
6822661
6819447
6819656
6819959
6819603
6821471
6820109
6820107
6816528
6819976
6817140
6820148
6820743
6820183
6820824
6819922
6819734
6825756
6820182
6822207
6821882
6820576
6820141
6819634
6864246
6820698
6820966
6820267
6867685
6864251
6880182
6819900
8954079
7367292
6842006
6826515
6819920
6820124
6824903
6820142
6820673
6820675
6822959
6816588
9422396
6820345
6825989
6821981
6820765
6820462
6821246
6820825
6821454
6820723
6828447
6821344
6820654
6820390
6878421
6821500
6821316
6820532
6818435
6821141
8632963
6864287
6820721
8041314
6820599
6825187
6867228
6865609
6843211
6820760
6820811
6820740
6820635
6820613
6867214
6820809
6821047
6825168
6867673
6820403
6820540
6820866
6821181
6821351
6820154
6820780
6867432
6833792
6820772
6822253
6820746
6820939
6819772
6820796
6820655
7454378
6828545
6821269
6821298
6821004
6820832
6820987
6821264
6821304
6820846
6820942
6820820
6867355
6825876
6824082
6825787
6816819
6820089
6820397
6820776
6821101
6820677
6821136
6822590
6817798
6821413
5423946
6821249
7125139
6819824
6820087
6820974
6867286
6821190
6824566
6825518
6821189
6821276
6821208
6824440
6822070
6820091
6820782
6821139
6819937
6820819
6820678
6821210
6867217
6821063
6821463
6864102
6819782
6819578
6821335
6819531
6824579
6819691
6867302
6820554
6824970
6821284
6838642
6821460
6821183
6821287
6864103
6822230
6825962
6825133
6821329
6821300
6820319
6821842
6821045
6819533
6831048
6821296
6820956
6820786
6820937
6821033
6821443
6821527
6829850
6822055
6819534
6820725
6820318
6821367
6821484
6821175
6821202
6821263
6821427
6821126
6821184
6821501
6821041
6867786
6821090
6821285
6867942
6821365
6821493
6821273
6820685
6821277
6821333
6821400
6821450
7029954
6820949
6823263
6821307
6821256
6821186
6820526
6867374
6825897
7029955
6819771
6821410
6872599
6819805
6818792
532626
6821282
6821415
6821200
6867866
6821376
6821086
6821511
6821448
6820617
6821456
7029956
6821262
6864162
6867860
6821157
6844979
6865998
6821053
6816805
6827968
6867943
6816362
6866120
6821879
6845558
6817014
6823119
6816553
6816722
6866457
6820969
6819376
6817694
6817908
6818351
6821941
6819612
6818057
6818677
6822057
6817955
6818195
6817992
6843025
6818710
6817917
6821510
6825265
6818085
6824063
6818560
6817762
6819439
7141276
6819248
6818036
6819519
6817569
7899523
6818755
6819482
6818956
6817914
6820753
6877715
6820021
6819640
6820615
6819243
6825158
6819260
6829814
6827349
6821692
6820257
6820653
6820002
6819412
6820014
6819641
6827516
6820373
6821143
6820046
6820060
6820161
6840565
6820728
6820912
6825043
6819539
6824935
6820129
6838354
6820951
6821457
7896823
6877260
6822894
6820337
6816163
6816182
6913564
6818588
6816363
6816436
6817437
6816966
6816557
6817365
6825711
6816472
6816625
6816323
6826141
6817177
6816102
6867130
6816564
6837959
6839527
6816566
6816962
6822460
6824851
6817314
6842004
6816825
6865834
6818722
6820940
6825746
6865621
6837966
6818035
6819586
6818344
6842001
6817561
6826712
6820203
6819527
6820890
6825044
6818760
6867662
6843026
6820672
6825039
6822225
6820611
6820168
6820642
6820246
7897284
6816006
6838487
6825260
6829843
6823293
6821531
6867855
6816510
6878371
6841937
6817439
6816898
6820884
6817882
6830416
6819456
6834002
6826724
6818177
6823255
6819336
6866442
6867178
6840564
6819265
6816546
6822819
6819684
6816764
6822214
6826452
6818296
6867719
6866682
6818654
6817324
6864236
6815986
6821336
6821491
6817477
6847250
6817745
6833837
6816110
6825109
6826025
6817329
6819529
6820808
6866720
6816019
6818304
6817254
6818423
8573785
7020944
8139266
6867065
6819438
6817702
6827962
6866874
6827815
7029958
6867848
6826042
6821242
6845718
6817839
6816042
6827461
6821129
6867433
6821250
6822166
6816114
6818160
6823150
6821015
6867640
6821532
6819777
6823374
6819975
6867446
6821128
6822552
6817753
6818932
6816965
6867430
6817789
6826159
6821466
6867377
8345398
6821546
6819978
6866202
7666974
6819973
6817185
6866647
6820424
6820574
6821520
6823870
6819540
6818241
6820950
6820907
6820435
6818091
6816371
6818712
6834104
6816158
6819685
6816154
6818554
6817643
6816896
6823881
6821540
6816933
6817740
6844632
6820602
6820439
6818433
6818916
6816100
6833767
6866597
6817396
6825320
6878649
9340420
6816192
6825629
6819003
6819229
6864207
6832352
6821940
6818022
6825464
6820270
6820009
6821213
6822949
6817963
6820436
6817075
6817611
6817535
6821409
6819060
6826082
6817409
6925498
6819706
6817836
6817645
6820932
6826004
6819165
9340246
6818088
6822048
6866337
6818369
6865712
6865584
6865146
5518208
6865179
6865147
2717117
6823336
6821623
6829026
6816264
6817473
6819356
6817899
6819056
6820970
6818265
6829900
7896908
6834751
7833423
6839515
6828607
6867946
6824687
6818926
6845100
6825057
6864097
6820226
6838355
6838919
6818994
6819232
6872604
6819492
6833972
6818432
6864960
6819362
6821689
6819327
6820052
6823943
6818373
6820979
6819843
6816993
6833956
6823095
6832295
6817016
6816143
6820470
6818987
6821317
6823174
6817088
6817792
6820282
6832426
6831516
6816575
6819850
2735721
6819159
2729359
6821470
6818184
6818613
6827261
6832140
6821787
6820406
6841208
6817514
6829257
6817448
6817366
6819257
7460141
6820070
6816018
6827814
2730655
6821915
6823081
6828781
2735715
6816339
6832281
6819719
6831568
6826526
6817909
6831587
6823253
6818416
6832300
6819314
6817399
6818522
6817021
6822164
6817270
6817822
6816550
6817113
6819480
6816350
6816269
6821598
6819071
473331
6867150
6816969
6819637
6820317
6819647
6820005
6817462
6826145
6818762
6824081
6826067
6825935
6866764
6820550
6817944
6817713
6818410
6819446
6819018
6819967
6816751
6816797
6821739
6821801
6827442
6818463
6866491
6818242
6824064
6816916
6821629
6824392
6821679
7595174
6817170
6816659
6816039
8400766
6822155
6820438
6821897
6818397
6818131
6867342
6819037
6867190
6818113
6866216
6816395
6826494
6826503
6822085
6818999
6822754
6824961
6816700
6817808
6825134
6819066
6820965
6820061
6825984
6819616
6826874
6819702
6840570
6837700
6844824
6816660
8163759
6817433
6821792
6867125
6822305
6820865
6825036
6816462
6825750
6867233
6823571
6819642
6820302
6823554
6832576
6822310
6822223
6820844
6825848
6825858
6817804
6824417
6837605
6825860
6836478
6817575
6819877
6818699
6819046
8139199
6875439
6817065
6818967
6817307
6819646
6816421
6816372
4277574
6866242
6826037
6818970
7029959
6866264
6866325
6824531
6838146
6818995
6818349
6816560
7029960
6825243
6815975
6823808
6830931
6827571
6821964
6817708
6817844
6823913
6818097
6817710
6819080
6817957
6867222
6826419
6820355
6826486
6866622
6823129
6826878
6821637
6820838
6830933
6829853
6818399
6818425
6816185
6817130
6819941
6824102
6816348
6823518
6816325
6817155
6827689
6829323
6826223
6823897
6816591
6831822
6818447
6819783
6818249
6823439
6818544
6818293
6816608
6817696
6817793
6823964
6818181
6817005
6820768
6820313
6817225
6818998
6817911
6831350
6817884
6816130
6840403
6821080
6832225
6820948
6816971
6816101
6818250
6816992
6816259
6818137
6831727
340820
6820771
6826036
6817083
6819689
6821162
2735604
6830686
6828519
6866528
6820835
4123965
6817809
6819530
6816568
6827945
6816583
6819143
6818808
6819307
6816214
6816401
6820389
6815974
6820769
6818348
6816996
6818257
6837732
6833984
6837734
6837736
6823162
6819308
6823196
6816858
6818845
6819325
6866798
6820233
6831903
6819869
6822513
6866140
6817821
6818507
6832367
6818277
6829133
6817444
6831852
6819848
6821833
6822816
6826634
6833953
6819333
6823109
6819992
2732446
2732480
6829023
6815991
6823942
6865383
6822956
6822965
6822951
6818847
6865378
6818955
6817211
6815995
6820388
6818322
6826073
3944919
6820053
6832261
6815996
6826674
6829241
6823043
6822193
6821113
6822817
6824038
6822976
6823269
6823268
6822558
6823053
6816033
6832423
2735785
6831347
6830822
6822895
6822975
6822020
6826596
6823127
6832417
6823812
6824477
6823212
6823179
6823784
6831925
6823869
6823794
6832168
6841877
6830979
6821798
6823188
6824397
6832176
6826083
6824142
2735607
6822644
6829092
6822161
6823304
6824126
6830427
6819780
6822239
6817380
6843840
8168777
6825061
6816754
6816749
6819242
6816132
6817550
6830424
6820025
6025296
6816121
6816187
6817027
6822400
6828954
6822121
6825947
6831499
6821321
6826676
6830537
6822815
6822008
8148035
6830502
6823270
6823283
6823805
6823084
6821922
6822150
6823774
6830468
2726715
6821933
6823201
6830425
6821959
6823149
6830521
6823338
6830462
6821761
7029961
7029962
6822969
6817757
6839876
6839917
6828830
6818347
6819263
6816278
6821878
6816196
6816554
6818838
8341649
6826128
6831856
6880112
6827417
6823470
6820935
6818299
6822886
6819977
6841966
6816124
6819174
6818409
6824403
6817858
6867798
6816252
6821268
6825967
6826534
6845215
6829086
6820280
6866021
6821266
6832178
6832179
6819604
6818192
6822836
6817284
6838705
6817044
6817212
6820523
6818563
6819478
6825837
6876988
6820413
6867126
6829287
6820088
6821755
6818745
6865086
6817035
6823566
6866058
6820896
6816084
6829240
6817489
6866239
6816444
6816734
6880096
6821414
6821314
6838223
6826398
6823991
6816598
6816146
6823244
6818443
6830281
6866109
6816665
6816333
6818151
6832269
6867008
6821758
6817534
6818208
6818366
6816389
6818543
6816347
6817959
6824534
6816404
6816390
6831857
6820417
6816616
6877161
6872605
6878324
6816427
6816497
6824316
6816679
5518214
6824448
5518215
6872606
6821722
6824674
6821889
6822244
6827393
6837507
6840879
6867948
6840566
6827329
6872607
6820258
2735572
6864561
6816290
6820197
6831219
6844434
6820851
6826058
6816441
6842355
6832356
6866492
6833210
6844144
6833209
6833205
6837949
6865581
6866179
6838560
6820239
6820245
6831702
6875749
6867952
6837860
6839640
6343201
6816536
6876214
6816642
6816055
6820512
6822839
6819931
6826509
6816349
6831697
6829837
6822258
6838513
5477410
6839074
6833185
6824749
6832569
6865239
6822028
6832055
6831868
6839273
6844417
6827371
6816433
6829842
6841721
6827409
6823239
6829245
6822680
6829042
6816731
6823068
6817933
6817063
6823451
6818936
6822219
6819194
6829472
6831409
6817591
6823348
6829328
6820235
6825945
6867953
6823296
6817425
