340820
473331
516133
532626
2340698
2694456
2712703
2712704
2715027
2715200
2715294
2715296
2715299
2715307
2715352
2715360
2715368
2715369
2715370
2715371
2715379
2715400
2715407
2715409
2715415
2715416
2715423
2715428
2715437
2715440
2715457
2715463
2715464
2715467
2715471
2715472
2715473
2715474
2715475
2715480
2715482
2715494
2715504
2715506
2715507
2715510
2715511
2715528
2715538
2715543
2715545
2715549
2715620
2715621
2715624
2715626
2715630
2715637
2715639
2715646
2715649
2715664
2715665
2715672
2715677
2716102
2716104
2716105
2716381
2716461
2716475
2716485
2716496
2716499
2716505
2716516
2716574
2716575
2716629
2716746
2716812
2717005
2717117
2723569
2725788
2726278
2726715
2726971
2726981
2728409
2729359
2730478
2730655
2732412
2732446
2732480
2732616
2734720
2735572
2735604
2735607
2735643
2735655
2735715
2735721
2735731
2735785
2740460
2775872
2837369
2862891
2905791
2909257
2909700
2909731
2909742
3026447
3036548
3100957
3193385
3255212
3260689
3262262
3270943
3353459
3424958
3424987
3838782
3944919
3988659
4123965
4152663
4255034
4277574
4590219
5409448
5423704
5423707
5423722
5423731
5423743
5423749
5423776
5423781
5423918
5423946
5477410
5494594
5518185
5518186
5518208
5518214
5518215
5593137
5904046
6025296
6027840
6078281
6102924
6151759
6343201
6356547
6472700
6815974
6815975
6815986
6815989
6815990
6815991
6815995
6815996
6815997
6815999
6816006
6816012
6816013
6816015
6816018
6816019
6816021
6816026
6816027
6816028
6816029
6816033
6816035
6816037
6816039
6816040
6816042
6816052
6816055
6816064
6816067
6816068
6816071
6816073
6816077
6816079
6816080
6816084
6816085
6816086
6816090
6816098
6816100
6816101
6816102
6816105
6816110
6816111
6816114
6816117
6816118
6816119
6816120
6816121
6816124
6816126
6816130
6816131
6816132
6816138
6816139
6816143
6816146
6816147
6816150
6816154
6816156
6816157
6816158
6816159
6816163
6816168
6816173
6816174
6816177
6816180
6816181
6816182
6816185
6816187
6816190
6816192
6816194
6816196
6816197
6816201
6816203
6816207
6816213
6816214
6816218
6816221
6816223
6816230
6816232
6816233
6816234
6816240
6816241
6816248
6816250
6816251
6816252
6816257
6816259
6816261
6816264
6816269
6816274
6816275
6816276
6816278
6816281
6816284
6816289
6816290
6816292
6816294
6816296
6816299
6816300
6816302
6816308
6816312
6816316
6816319
6816320
6816321
6816323
6816325
6816332
6816333
6816334
6816335
6816337
6816338
6816339
6816346
6816347
6816348
6816349
6816350
6816354
6816356
6816358
6816360
6816362
6816363
6816364
6816365
6816367
6816369
6816371
6816372
6816376
6816384
6816386
6816389
6816390
6816393
6816394
6816395
6816398
6816399
6816400
6816401
6816404
6816408
6816415
6816416
6816418
6816419
6816420
6816421
6816425
6816426
6816427
6816433
6816434
6816436
6816437
6816439
6816440
6816441
6816444
6816445
6816447
6816449
6816450
6816455
6816457
6816462
6816463
6816464
6816465
6816466
6816467
6816472
6816473
6816474
6816477
6816482
6816484
6816485
6816487
6816488
6816490
6816491
6816492
6816497
6816499
6816502
6816503
6816506
6816509
6816510
6816514
6816515
6816516
6816518
6816519
6816521
6816526
6816527
6816528
6816531
6816536
6816542
6816544
6816545
6816546
6816547
6816549
6816550
6816552
6816553
6816554
6816555
6816556
6816557
6816558
6816560
6816562
6816564
6816566
6816567
6816568
6816573
6816574
6816575
6816577
6816581
6816582
6816583
6816584
6816587
6816588
6816590
6816591
6816597
6816598
6816605
6816608
6816609
6816613
6816614
6816615
6816616
6816618
6816620
6816621
6816622
6816625
6816628
6816630
6816632
6816633
6816634
6816635
6816637
6816639
6816642
6816643
6816647
6816648
6816649
6816650
6816651
6816652
6816653
6816654
6816655
6816657
6816658
6816659
6816660
6816663
6816665
6816666
6816668
6816670
6816671
6816673
6816675
6816676
6816678
6816679
6816686
6816687
6816688
6816689
6816690
6816691
6816694
6816695
6816697
6816698
6816699
6816700
6816702
6816709
6816710
6816711
6816714
6816721
6816722
6816723
6816726
6816727
6816731
6816734
6816744
6816748
6816749
6816751
6816752
6816753
6816754
6816756
6816757
6816759
6816760
6816761
6816763
6816764
6816765
6816766
6816767
6816772
6816773
6816776
6816777
6816778
6816782
6816784
6816785
6816786
6816789
6816792
6816795
6816796
6816797
6816798
6816802
6816803
6816804
6816805
6816806
6816807
6816809
6816814
6816819
6816820
6816821
6816825
6816827
6816831
6816835
6816836
6816840
6816841
6816846
6816848
6816851
6816852
6816853
6816855
6816858
6816867
6816869
6816872
6816876
6816887
6816896
6816897
6816898
6816899
6816900
6816901
6816902
6816905
6816907
6816908
6816911
6816912
6816913
6816914
6816916
6816918
6816920
6816922
6816925
6816926
6816927
6816931
6816933
6816936
6816938
6816939
6816943
6816947
6816948
6816949
6816952
6816954
6816961
6816962
6816963
6816965
6816966
6816968
6816969
6816970
6816971
6816972
6816975
6816980
6816984
6816989
6816990
6816992
6816993
6816994
6816995
6816996
6816997
6816998
6817003
6817005
6817006
6817010
6817011
6817012
6817014
6817016
6817017
6817018
6817019
6817020
6817021
6817022
6817024
6817027
6817029
6817034
6817035
6817037
6817039
6817040
6817041
6817042
6817044
6817046
6817049
6817051
6817053
6817054
6817060
6817063
6817065
6817067
6817071
6817072
6817073
6817074
6817075
6817080
6817083
6817084
6817085
6817088
6817091
6817092
6817094
6817095
6817099
6817102
6817103
6817108
6817109
6817111
6817112
6817113
6817114
6817115
6817118
6817119
6817121
6817123
6817129
6817130
6817132
6817133
6817134
6817135
6817137
6817138
6817140
6817145
6817148
6817155
6817157
6817165
6817167
6817168
6817170
6817171
6817172
6817174
6817176
6817177
6817178
6817180
6817181
6817182
6817183
6817185
6817186
6817188
6817189
6817190
6817192
6817193
6817195
6817200
6817203
6817204
6817206
6817209
6817211
6817212
6817216
6817217
6817220
6817221
6817222
6817223
6817225
6817226
6817230
6817231
6817233
6817237
6817238
6817242
6817243
6817245
6817247
6817248
6817250
6817254
6817258
6817259
6817269
6817270
6817271
6817272
6817274
6817279
6817281
6817283
6817284
6817290
6817292
6817294
6817295
6817297
6817305
6817306
6817307
6817308
6817311
6817312
6817314
6817318
6817321
6817322
6817324
6817325
6817327
6817328
6817329
6817334
6817335
6817336
6817337
6817338
6817339
6817341
6817342
6817345
6817346
6817348
6817351
6817354
6817356
6817357
6817358
6817359
6817361
6817364
6817365
6817366
6817372
6817373
6817374
6817377
6817379
6817380
6817382
6817384
6817387
6817389
6817391
6817393
6817395
6817396
6817398
6817399
6817400
6817403
6817405
6817408
6817409
6817410
6817412
6817422
6817424
6817425
6817429
6817430
6817431
6817432
6817433
6817434
6817435
6817437
6817439
6817440
6817441
6817444
6817445
6817446
6817448
6817452
6817453
6817455
6817456
6817458
6817459
6817460
6817461
6817462
6817463
6817465
6817466
6817472
6817473
6817477
6817480
6817484
6817485
6817487
6817489
6817495
6817497
6817499
6817505
6817507
6817508
6817511
6817514
6817520
6817532
6817533
6817534
6817535
6817538
6817539
6817543
6817549
6817550
6817553
6817554
6817555
6817556
6817558
6817560
6817561
6817565
6817568
6817569
6817572
6817575
6817577
6817578
6817581
6817584
6817585
6817591
6817604
6817606
6817610
6817611
6817612
6817616
6817619
6817620
6817621
6817631
6817633
6817636
6817637
6817638
6817640
6817641
6817643
6817644
6817645
6817646
6817651
6817656
6817657
6817662
6817666
6817668
6817669
6817675
6817677
6817680
6817684
6817685
6817688
6817689
6817690
6817692
6817694
6817696
6817697
6817702
6817703
6817704
6817705
6817706
6817707
6817708
6817709
6817710
6817713
6817714
6817715
6817728
6817730
6817731
6817732
6817734
6817735
6817737
6817739
6817740
6817741
6817745
6817747
6817753
6817754
6817757
6817760
6817761
6817762
6817765
6817766
6817771
6817778
6817779
6817780
6817781
6817782
6817783
6817784
6817785
6817786
6817789
6817790
6817791
6817792
6817793
6817794
6817796
6817797
6817798
6817800
6817803
6817804
6817805
6817808
6817809
6817811
6817814
6817821
6817822
6817825
6817826
6817827
6817828
6817831
6817832
6817833
6817836
6817837
6817839
6817841
6817842
6817843
6817844
6817846
6817847
6817848
6817850
6817851
6817852
6817853
6817858
6817860
6817861
6817863
6817867
6817869
6817872
6817873
6817874
6817882
6817884
6817889
6817893
6817895
6817899
6817901
6817902
6817908
6817909
6817911
6817912
6817914
6817916
6817917
6817920
6817921
6817923
6817924
6817929
6817931
6817933
6817937
6817938
6817939
6817940
6817941
6817942
6817944
6817945
6817946
6817948
6817955
6817957
6817959
6817960
6817961
6817962
6817963
6817967
6817979
6817982
6817983
6817985
6817986
6817992
6817993
6817997
6817998
6817999
6818000
6818001
6818003
6818004
6818006
6818008
6818011
6818012
6818013
6818014
6818016
6818018
6818019
6818020
6818021
6818022
6818023
6818024
6818027
6818033
6818035
6818036
6818037
6818038
6818041
6818042
6818043
6818044
6818046
6818052
6818055
6818057
6818059
6818061
6818062
6818065
6818066
6818067
6818069
6818070
6818071
6818072
6818073
6818074
6818077
6818078
6818079
6818080
6818082
6818085
6818087
6818088
6818091
6818092
6818094
6818095
6818096
6818097
6818098
6818099
6818100
6818109
6818110
6818111
6818112
6818113
6818116
6818123
6818124
6818125
6818126
6818128
6818129
6818131
6818132
6818134
6818135
6818137
6818139
6818140
6818141
6818142
6818150
6818151
6818157
6818158
6818159
6818160
6818161
6818164
6818165
6818168
6818170
6818171
6818172
6818173
6818174
6818175
6818177
6818178
6818180
6818181
6818183
6818184
6818185
6818188
6818189
6818192
6818193
6818195
6818198
6818201
6818203
6818204
6818208
6818209
6818212
6818218
6818219
6818220
6818222
6818223
6818224
6818225
6818227
6818228
6818229
6818230
6818233
6818235
6818239
6818240
6818241
6818242
6818243
6818249
6818250
6818251
6818252
6818254
6818255
6818256
6818257
6818258
6818259
6818260
6818262
6818265
6818267
6818269
6818270
6818276
6818277
6818283
6818286
6818287
6818288
6818290
6818292
6818293
6818294
6818295
6818296
6818297
6818298
6818299
6818300
6818301
6818303
6818304
6818306
6818307
6818308
6818309
6818312
6818313
6818314
6818317
6818319
6818321
6818322
6818324
6818328
6818335
6818337
6818344
6818345
6818347
6818348
6818349
6818351
6818356
6818361
6818366
6818369
6818373
6818374
6818377
6818378
6818379
6818382
6818385
6818388
6818391
6818392
6818397
6818399
6818401
6818405
6818409
6818410
6818416
6818417
6818420
6818421
6818423
6818425
6818426
6818427
6818428
6818432
6818433
6818434
6818435
6818443
6818445
6818446
6818447
6818449
6818452
6818463
6818466
6818468
6818470
6818472
6818473
6818474
6818476
6818482
6818484
6818485
6818486
6818487
6818491
6818492
6818494
6818496
6818497
6818500
6818501
6818504
6818507
6818509
6818514
6818518
6818519
6818522
6818523
6818524
6818528
6818530
6818531
6818532
6818540
6818542
6818543
6818544
6818545
6818546
6818547
6818548
6818550
6818551
6818553
6818554
6818555
6818558
6818560
6818561
6818563
6818570
6818572
6818575
6818577
6818578
6818583
6818586
6818587
6818588
6818591
6818595
6818600
6818601
6818602
6818611
6818613
6818614
6818615
6818616
6818617
6818624
6818625
6818626
6818627
6818628
6818629
6818630
6818632
6818640
6818641
6818646
6818648
6818649
6818650
6818651
6818652
6818654
6818657
6818660
6818663
6818664
6818665
6818666
6818668
6818671
6818674
6818675
6818677
6818678
6818684
6818690
6818691
6818696
6818699
6818704
6818708
6818710
6818712
6818717
6818719
6818722
6818725
6818732
6818734
6818739
6818740
6818745
6818747
6818749
6818751
6818753
6818755
6818760
6818762
6818763
6818767
6818770
6818772
6818774
6818775
6818777
6818780
6818792
6818794
6818796
6818797
6818798
6818799
6818804
6818807
6818808
6818810
6818811
6818813
6818814
6818815
6818818
6818823
6818824
6818826
6818829
6818830
6818831
6818834
6818835
6818836
6818837
6818838
6818842
6818844
6818845
6818847
6818852
6818854
6818855
6818862
6818864
6818866
6818868
6818870
6818871
6818872
6818875
6818884
6818889
6818891
6818892
6818896
6818898
6818899
6818900
6818902
6818906
6818907
6818911
6818913
6818914
6818916
6818917
6818918
6818924
6818925
6818926
6818930
6818931
6818932
6818933
6818936
6818938
6818943
6818946
6818953
6818955
6818956
6818957
6818958
6818961
6818962
6818967
6818968
6818970
6818972
6818977
6818981
6818984
6818986
6818987
6818990
6818994
6818995
6818996
6818998
6818999
6819003
6819004
6819008
6819018
6819020
6819024
6819027
6819028
6819029
6819032
6819034
6819036
6819037
6819039
6819040
6819041
6819042
6819043
6819044
6819046
6819047
6819048
6819050
6819051
6819056
6819057
6819058
6819060
6819061
6819064
6819065
6819066
6819071
6819074
6819075
6819076
6819078
6819079
6819080
6819081
6819082
6819083
6819091
6819092
6819093
6819096
6819099
6819101
6819103
6819104
6819106
6819107
6819109
6819112
6819114
6819115
6819116
6819117
6819121
6819124
6819125
6819130
6819132
6819134
6819138
6819139
6819140
6819141
6819142
6819143
6819145
6819153
6819157
6819159
6819160
6819163
6819165
6819167
6819168
6819170
6819174
6819175
6819176
6819177
6819181
6819184
6819191
6819194
6819202
6819210
6819216
6819218
6819222
6819223
6819224
6819229
6819232
6819241
6819242
6819243
6819244
6819247
6819248
6819250
6819254
6819257
6819260
6819261
6819263
6819265
6819266
6819267
6819268
6819269
6819270
6819271
6819280
6819284
6819287
6819288
6819289
6819293
6819295
6819296
6819297
6819300
6819302
6819303
6819306
6819307
6819308
6819314
6819315
6819320
6819324
6819325
6819326
6819327
6819329
6819333
6819335
6819336
6819338
6819339
6819340
6819341
6819345
6819346
6819351
6819353
6819355
6819356
6819357
6819360
6819362
6819363
6819369
6819373
6819376
6819378
6819379
6819383
6819385
6819387
6819389
6819390
6819395
6819398
6819399
6819401
6819402
6819403
6819409
6819410
6819411
6819412
6819413
6819415
6819417
6819419
6819421
6819422
6819424
6819429
6819430
6819432
6819438
6819439
6819440
6819441
6819442
6819443
6819445
6819446
6819447
6819448
6819450
6819452
6819456
6819458
6819462
6819466
6819468
6819471
6819473
6819474
6819476
6819478
6819480
6819482
6819483
6819486
6819492
6819497
6819500
6819502
6819505
6819506
6819507
6819508
6819510
6819511
6819512
6819515
6819519
6819523
6819525
6819527
6819529
6819530
6819531
6819532
6819533
6819534
6819535
6819537
6819539
6819540
6819542
6819543
6819544
6819545
6819547
6819548
6819551
6819553
6819555
6819560
6819565
6819571
6819574
6819578
6819586
6819587
6819589
6819591
6819592
6819594
6819595
6819600
6819601
6819602
6819603
6819604
6819605
6819606
6819610
6819611
6819612
6819614
6819616
6819617
6819619
6819623
6819624
6819629
6819630
6819634
6819637
6819640
6819641
6819642
6819646
6819647
6819652
6819653
6819655
6819656
6819657
6819661
6819668
6819672
6819673
6819674
6819675
6819679
6819680
6819681
6819683
6819684
6819685
6819686
6819687
6819689
6819690
6819691
6819692
6819696
6819698
6819701
6819702
6819703
6819705
6819706
6819708
6819709
6819712
6819713
6819715
6819717
6819719
6819722
6819723
6819725
6819726
6819727
6819729
6819730
6819732
6819734
6819736
6819738
6819739
6819740
6819741
6819753
6819758
6819761
6819768
6819769
6819771
6819772
6819775
6819776
6819777
6819780
6819782
6819783
6819785
6819796
6819802
6819804
6819805
6819806
6819808
6819810
6819811
6819813
6819818
6819824
6819827
6819828
6819829
6819831
6819832
6819837
6819839
6819843
6819846
6819847
6819848
6819850
6819853
6819854
6819855
6819857
6819858
6819860
6819867
6819868
6819869
6819870
6819877
6819880
6819884
6819885
6819889
6819890
6819891
6819893
6819895
6819897
6819900
6819902
6819909
6819911
6819913
6819914
6819920
6819921
6819922
6819927
6819928
6819931
6819937
6819940
6819941
6819942
6819943
6819950
6819951
6819954
6819955
6819957
6819959
6819961
6819962
6819966
6819967
6819969
6819973
6819974
6819975
6819976
6819977
6819978
6819979
6819980
6819983
6819986
6819989
6819992
6819995
6819997
6820000
6820002
6820005
6820007
6820009
6820012
6820013
6820014
6820015
6820016
6820017
6820021
6820023
6820024
6820025
6820038
6820041
6820044
6820046
6820048
6820049
6820050
6820052
6820053
6820055
6820056
6820058
6820059
6820060
6820061
6820062
6820063
6820065
6820070
6820071
6820073
6820074
6820077
6820081
6820084
6820087
6820088
6820089
6820090
6820091
6820096
6820099
6820100
6820107
6820109
6820113
6820116
6820118
6820119
6820121
6820124
6820129
6820130
6820135
6820137
6820139
6820141
6820142
6820144
6820146
6820148
6820154
6820156
6820157
6820159
6820161
6820162
6820163
6820164
6820165
6820167
6820168
6820171
6820174
6820175
6820180
6820181
6820182
6820183
6820184
6820185
6820189
6820197
6820198
6820200
6820201
6820203
6820209
6820211
6820212
6820217
6820221
6820223
6820226
6820232
6820233
6820235
6820239
6820245
6820246
6820251
6820257
6820258
6820260
6820263
6820266
6820267
6820269
6820270
6820276
6820280
6820281
6820282
6820302
6820309
6820310
6820313
6820314
6820317
6820318
6820319
6820321
6820326
6820327
6820328
6820330
6820337
6820338
6820342
6820343
6820345
6820350
6820351
6820355
6820359
6820363
6820369
6820370
6820371
6820372
6820373
6820376
6820377
6820380
6820383
6820388
6820389
6820390
6820396
6820397
6820398
6820400
6820402
6820403
6820405
6820406
6820408
6820409
6820410
6820412
6820413
6820417
6820422
6820423
6820424
6820427
6820430
6820433
6820434
6820435
6820436
6820437
6820438
6820439
6820441
6820442
6820443
6820450
6820452
6820458
6820459
6820460
6820461
6820462
6820464
6820468
6820470
6820472
6820475
6820479
6820480
6820489
6820504
6820510
6820512
6820518
6820521
6820523
6820526
6820530
6820532
6820534
6820540
6820550
6820552
6820554
6820556
6820557
6820560
6820563
6820565
6820566
6820567
6820569
6820574
6820576
6820577
6820578
6820580
6820581
6820584
6820589
6820593
6820596
6820599
6820600
6820602
6820604
6820608
6820611
6820613
6820615
6820617
6820620
6820626
6820629
6820631
6820635
6820640
6820641
6820642
6820647
6820653
6820654
6820655
6820661
6820671
6820672
6820673
6820675
6820677
6820678
6820683
6820684
6820685
6820692
6820697
6820698
6820699
6820704
6820710
6820720
6820721
6820723
6820725
6820728
6820733
6820735
6820740
6820743
6820746
6820750
6820752
6820753
6820760
6820762
6820764
6820765
6820768
6820769
6820771
6820772
6820776
6820780
6820782
6820785
6820786
6820790
6820796
6820801
6820802
6820807
6820808
6820809
6820811
6820815
6820817
6820819
6820820
6820821
6820823
6820824
6820825
6820830
6820831
6820832
6820833
6820835
6820838
6820840
6820841
6820843
6820844
6820846
6820850
6820851
6820856
6820857
6820860
6820862
6820863
6820864
6820865
6820866
6820869
6820871
6820874
6820878
6820880
6820881
6820884
6820886
6820890
6820891
6820892
6820893
6820894
6820895
6820896
6820897
6820902
6820903
6820907
6820912
6820914
6820917
6820918
6820919
6820921
6820923
6820924
6820925
6820927
6820928
6820931
6820932
6820935
6820937
6820938
6820939
6820940
6820942
6820948
6820949
6820950
6820951
6820952
6820953
6820956
6820958
6820959
6820961
6820962
6820965
6820966
6820968
6820969
6820970
6820971
6820972
6820974
6820979
6820980
6820981
6820987
6820991
6820996
6821000
6821002
6821003
6821004
6821006
6821007
6821009
6821011
6821014
6821015
6821018
6821019
6821020
6821032
6821033
6821034
6821035
6821036
6821041
6821044
6821045
6821046
6821047
6821049
6821053
6821058
6821059
6821060
6821063
6821065
6821066
6821072
6821080
6821083
6821086
6821087
6821090
6821092
6821093
6821098
6821101
6821104
6821105
6821109
6821113
6821115
6821118
6821120
6821121
6821122
6821126
6821128
6821129
6821132
6821136
6821139
6821141
6821143
6821144
6821149
6821152
6821154
6821155
6821157
6821159
6821162
6821170
6821175
6821181
6821182
6821183
6821184
6821186
6821188
6821189
6821190
6821197
6821200
6821202
6821203
6821204
6821205
6821207
6821208
6821209
6821210
6821211
6821213
6821218
6821230
6821233
6821236
6821242
6821246
6821249
6821250
6821252
6821253
6821254
6821256
6821259
6821262
6821263
6821264
6821265
6821266
6821268
6821269
6821273
6821276
6821277
6821278
6821282
6821284
6821285
6821287
6821288
6821289
6821291
6821292
6821295
6821296
6821298
6821299
6821300
6821304
6821305
6821306
6821307
6821308
6821309
6821313
6821314
6821315
6821316
6821317
6821320
6821321
6821329
6821333
6821335
6821336
6821340
6821341
6821344
6821348
6821351
6821358
6821359
6821361
6821363
6821365
6821367
6821371
6821372
6821373
6821376
6821381
6821392
6821393
6821394
6821400
6821409
6821410
6821413
6821414
6821415
6821421
6821427
6821429
6821431
6821438
6821440
6821443
6821444
6821446
6821447
6821448
6821449
6821450
6821453
6821454
6821456
6821457
6821460
6821463
6821466
6821467
6821470
6821471
6821472
6821476
6821478
6821484
6821485
6821488
6821489
6821491
6821492
6821493
6821494
6821495
6821496
6821500
6821501
6821503
6821504
6821505
6821510
6821511
6821513
6821515
6821516
6821520
6821521
6821525
6821527
6821531
6821532
6821534
6821535
6821538
6821539
6821540
6821546
6821551
6821557
6821560
6821561
6821578
6821591
6821598
6821610
6821623
6821629
6821637
6821644
6821653
6821655
6821662
6821677
6821678
6821679
6821689
6821692
6821701
6821721
6821722
6821725
6821733
6821739
6821748
6821751
6821755
6821758
6821761
6821766
6821784
6821785
6821787
6821792
6821796
6821798
6821801
6821810
6821811
6821826
6821833
6821834
6821842
6821854
6821855
6821856
6821857
6821877
6821878
6821879
6821882
6821889
6821892
6821897
6821903
6821907
6821915
6821917
6821920
6821922
6821924
6821925
6821933
6821940
6821941
6821946
6821954
6821959
6821960
6821961
6821964
6821967
6821968
6821975
6821976
6821981
6821987
6821990
6822008
6822009
6822017
6822020
6822028
6822032
6822035
6822036
6822038
6822039
6822048
6822053
6822055
6822057
6822070
6822074
6822076
6822078
6822085
6822087
6822090
6822097
6822108
6822109
6822113
6822121
6822125
6822126
6822127
6822128
6822136
6822145
6822149
6822150
6822152
6822155
6822159
6822161
6822164
6822166
6822170
6822171
6822174
6822186
6822188
6822192
6822193
6822199
6822207
6822208
6822209
6822211
6822214
6822216
6822218
6822219
6822220
6822222
6822223
6822225
6822227
6822229
6822230
6822236
6822237
6822239
6822241
6822244
6822248
6822253
6822258
6822269
6822270
6822278
6822305
6822310
6822315
6822324
6822341
6822351
6822352
6822357
6822379
6822382
6822389
6822400
6822421
6822439
6822449
6822460
6822469
6822478
6822479
6822481
6822483
6822498
6822499
6822513
6822514
6822535
6822538
6822552
6822558
6822559
6822579
6822584
6822587
6822590
6822593
6822597
6822616
6822644
6822661
6822668
6822673
6822680
6822685
6822695
6822698
6822721
6822740
6822746
6822753
6822754
6822757
6822770
6822774
6822784
6822791
6822793
6822807
6822808
6822811
6822815
6822816
6822817
6822819
6822821
6822825
6822834
6822836
6822838
6822839
6822852
6822864
6822868
6822875
6822882
6822884
6822886
6822887
6822888
6822894
6822895
6822903
6822919
6822922
6822925
6822927
6822949
6822951
6822952
6822956
6822959
6822960
6822965
6822969
6822974
6822975
6822976
6822985
6822991
6823004
6823022
6823025
6823036
6823040
6823043
6823045
6823049
6823053
6823054
6823055
6823068
6823076
6823077
6823080
6823081
6823082
6823084
6823092
6823095
6823096
6823098
6823101
6823109
6823114
6823119
6823122
6823126
6823127
6823128
6823129
6823140
6823143
6823149
6823150
6823162
6823166
6823168
6823172
6823174
6823175
6823179
6823181
6823185
6823186
6823188
6823192
6823195
6823196
6823200
6823201
6823212
6823217
6823230
6823239
6823244
6823246
6823248
6823251
6823252
6823253
6823255
6823258
6823260
6823263
6823266
6823268
6823269
6823270
6823281
6823282
6823283
6823291
6823292
6823293
6823296
6823304
6823309
6823323
6823326
6823330
6823336
6823337
6823338
6823344
6823348
6823349
6823356
6823371
6823374
6823388
6823389
6823390
6823394
6823398
6823399
6823410
6823415
6823421
6823434
6823439
6823448
6823451
6823452
6823453
6823455
6823466
6823467
6823470
6823485
6823492
6823512
6823514
6823515
6823518
6823524
6823528
6823541
6823546
6823551
6823553
6823554
6823566
6823571
6823576
6823579
6823582
6823583
6823584
6823589
6823596
6823608
6823609
6823644
6823646
6823655
6823673
6823674
6823678
6823681
6823688
6823693
6823703
6823712
6823740
6823749
6823772
6823774
6823784
6823790
6823791
6823794
6823796
6823805
6823808
6823812
6823818
6823819
6823828
6823830
6823831
6823851
6823854
6823860
6823861
6823863
6823869
6823870
6823873
6823876
6823881
6823882
6823884
6823887
6823891
6823896
6823897
6823904
6823912
6823913
6823914
6823920
6823940
6823941
6823942
6823943
6823945
6823946
6823951
6823961
6823962
6823963
6823964
6823976
6823991
6823999
6824004
6824009
6824022
6824029
6824038
6824062
6824063
6824064
6824067
6824081
6824082
6824088
6824091
6824101
6824102
6824104
6824118
6824120
6824121
6824122
6824126
6824127
6824130
6824134
6824142
6824144
6824151
6824172
6824181
6824217
6824241
6824284
6824286
6824292
6824303
6824306
6824312
6824316
6824318
6824321
6824378
6824388
6824392
6824397
6824399
6824403
6824406
6824417
6824440
6824441
6824448
6824453
6824454
6824472
6824475
6824477
6824498
6824506
6824531
6824534
6824536
6824553
6824565
6824566
6824574
6824579
6824580
6824581
6824599
6824602
6824621
6824626
6824631
6824635
6824636
6824647
6824651
6824654
6824666
6824674
6824687
6824706
6824711
6824712
6824716
6824720
6824723
6824731
6824749
6824774
6824776
6824794
6824797
6824805
6824807
6824808
6824809
6824812
6824851
6824877
6824878
6824879
6824883
6824886
6824903
6824906
6824911
6824913
6824916
6824920
6824924
6824935
6824937
6824948
6824950
6824954
6824961
6824964
6824969
6824970
6824971
6824984
6824992
6825001
6825019
6825035
6825036
6825039
6825041
6825043
6825044
6825047
6825048
6825049
6825055
6825057
6825058
6825060
6825061
6825062
6825063
6825067
6825071
6825076
6825078
6825081
6825082
6825089
6825109
6825113
6825125
6825129
6825133
6825134
6825143
6825148
6825158
6825168
6825187
6825196
6825227
6825228
6825232
6825238
6825243
6825260
6825263
6825265
6825270
6825287
6825309
6825320
6825332
6825351
6825352
6825354
6825358
6825361
6825364
6825376
6825385
6825403
6825426
6825429
6825433
6825447
6825456
6825463
6825464
6825471
6825472
6825476
6825485
6825487
6825500
6825504
6825514
6825515
6825518
6825519
6825527
6825530
6825532
6825535
6825536
6825544
6825548
6825558
6825563
6825572
6825573
6825574
6825577
6825587
6825595
6825596
6825597
6825598
6825602
6825603
6825629
6825633
6825642
6825650
6825667
6825668
6825693
6825694
6825708
6825711
6825724
6825730
6825745
6825746
6825750
6825754
6825755
6825756
6825765
6825767
6825782
6825787
6825789
6825799
6825815
6825821
6825828
6825831
6825832
6825836
6825837
6825848
6825856
6825858
6825860
6825865
6825867
6825873
6825874
6825876
6825897
6825922
6825933
6825935
6825939
6825945
6825947
6825950
6825951
6825955
6825960
6825962
6825963
6825967
6825973
6825980
6825981
6825984
6825989
6825992
6825999
6826002
6826004
6826006
6826014
6826025
6826031
6826036
6826037
6826041
6826042
6826043
6826053
6826055
6826058
6826062
6826063
6826067
6826069
6826073
6826077
6826082
6826083
6826099
6826111
6826117
6826128
6826130
6826134
6826141
6826142
6826144
6826145
6826159
6826167
6826171
6826181
6826185
6826191
6826204
6826205
6826214
6826222
6826223
6826231
6826233
6826238
6826246
6826262
6826271
6826277
6826287
6826288
6826295
6826297
6826309
6826315
6826319
6826320
6826335
6826336
6826345
6826348
6826356
6826379
6826381
6826382
6826394
6826396
6826398
6826400
6826406
6826419
6826430
6826431
6826444
6826446
6826448
6826449
6826452
6826467
6826469
6826478
6826483
6826486
6826491
6826494
6826495
6826497
6826499
6826503
6826509
6826515
6826524
6826526
6826534
6826537
6826541
6826544
6826548
6826554
6826559
6826563
6826579
6826586
6826596
6826597
6826606
6826610
6826615
6826631
6826634
6826635
6826639
6826643
6826655
6826658
6826660
6826674
6826676
6826692
6826697
6826701
6826706
6826712
6826714
6826715
6826720
6826724
6826762
6826778
6826783
6826811
6826815
6826817
6826818
6826822
6826828
6826852
6826853
6826856
6826857
6826864
6826874
6826878
6826881
6826890
6826900
6826901
6826916
6826917
6826924
6826941
6826972
6826974
6827010
6827050
6827051
6827094
6827096
6827097
6827113
6827127
6827130
6827132
6827134
6827148
6827156
6827158
6827160
6827162
6827164
6827168
6827170
6827172
6827175
6827179
6827187
6827200
6827217
6827218
6827227
6827230
6827238
6827248
6827249
6827261
6827315
6827329
6827336
6827346
6827349
6827371
6827390
6827393
6827409
6827415
6827417
6827418
6827427
6827430
6827434
6827442
6827461
6827466
6827479
6827488
6827492
6827493
6827498
6827513
6827516
6827521
6827530
6827566
6827570
6827571
6827573
6827580
6827599
6827605
6827609
6827610
6827620
6827630
6827636
6827637
6827638
6827639
6827643
6827644
6827646
6827648
6827649
6827650
6827689
6827713
6827737
6827780
6827796
6827814
6827815
6827819
6827840
6827847
6827848
6827850
6827852
6827854
6827878
6827888
6827889
6827902
6827904
6827914
6827924
6827936
6827944
6827945
6827962
6827966
6827967
6827968
6827984
6828003
6828025
6828047
6828052
6828082
6828085
6828107
6828252
6828261
6828273
6828274
6828286
6828295
6828313
6828323
6828348
6828373
6828380
6828381
6828385
6828388
6828396
6828397
6828403
6828412
6828418
6828420
6828438
6828447
6828493
6828495
6828519
6828530
6828545
6828554
6828565
6828567
6828586
6828588
6828601
6828607
6828689
6828709
6828723
6828781
6828803
6828804
6828830
6828902
6828906
6828909
6828936
6828954
6828983
6829023
6829026
6829031
6829042
6829050
6829083
6829086
6829092
6829095
6829120
6829124
6829130
6829131
6829133
6829167
6829175
6829179
6829182
6829187
6829188
6829190
6829200
6829208
6829210
6829214
6829226
6829234
6829235
6829240
6829241
6829245
6829257
6829258
6829262
6829263
6829283
6829287
6829302
6829323
6829328
6829345
6829349
6829354
6829356
6829357
6829360
6829361
6829362
6829366
6829369
6829371
6829373
6829375
6829377
6829378
6829379
6829381
6829382
6829383
6829387
6829389
6829391
6829392
6829393
6829394
6829395
6829396
6829398
6829399
6829400
6829401
6829403
6829404
6829406
6829407
6829410
6829411
6829412
6829413
6829414
6829415
6829416
6829417
6829418
6829419
6829421
6829422
6829426
6829430
6829444
6829445
6829448
6829449
6829450
6829453
6829454
6829456
6829458
6829459
6829460
6829461
6829462
6829463
6829464
6829465
6829472
6829476
6829479
6829481
6829482
6829484
6829485
6829486
6829488
6829489
6829490
6829491
6829492
6829493
6829494
6829495
6829496
6829498
6829499
6829500
6829501
6829502
6829503
6829504
6829505
6829506
6829507
6829508
6829509
6829510
6829511
6829513
6829514
6829515
6829516
6829518
6829519
6829521
6829522
6829523
6829524
6829525
6829527
6829528
6829530
6829531
6829532
6829534
6829535
6829536
6829537
6829538
6829539
6829540
6829541
6829542
6829544
6829545
6829546
6829547
6829549
6829550
6829551
6829552
6829553
6829554
6829555
6829556
6829557
6829558
6829559
6829560
6829562
6829563
6829564
6829565
6829566
6829567
6829568
6829569
6829570
6829571
6829572
6829573
6829574
6829575
6829577
6829579
6829580
6829581
6829582
6829583
6829584
6829586
6829587
6829588
6829589
6829591
6829594
6829598
6829603
6829639
6829642
6829655
6829661
6829663
6829675
6829676
6829677
6829681
6829684
6829686
6829689
6829691
6829692
6829693
6829694
6829697
6829699
6829702
6829704
6829706
6829722
6829725
6829731
6829732
6829743
6829745
6829748
6829749
6829764
6829778
6829781
6829783
6829788
6829789
6829791
6829793
6829796
6829799
6829801
6829806
6829807
6829808
6829811
6829813
6829814
6829819
6829823
6829833
6829837
6829842
6829843
6829844
6829846
6829850
6829853
6829900
6829984
6830118
6830121
6830126
6830127
6830128
6830129
6830131
6830132
6830144
6830145
6830199
6830200
6830211
6830214
6830254
6830255
6830258
6830259
6830260
6830261
6830262
6830266
6830278
6830279
6830281
6830323
6830332
6830340
6830346
6830347
6830351
6830371
6830397
6830416
6830424
6830425
6830427
6830430
6830462
6830468
6830493
6830502
6830513
6830521
6830530
6830537
6830576
6830577
6830580
6830582
6830583
6830584
6830585
6830587
6830588
6830590
6830591
6830592
6830594
6830595
6830596
6830597
6830598
6830599
6830600
6830601
6830602
6830603
6830604
6830605
6830606
6830607
6830608
6830609
6830610
6830616
6830618
6830676
6830686
6830689
6830694
6830695
6830697
6830706
6830708
6830713
6830719
6830722
6830724
6830725
6830726
6830747
6830749
6830750
6830770
6830771
6830775
6830778
6830782
6830783
6830784
6830787
6830788
6830789
6830790
6830797
6830800
6830801
6830802
6830805
6830806
6830807
6830810
6830811
6830814
6830817
6830819
6830822
6830824
6830831
6830834
6830840
6830841
6830843
6830847
6830850
6830852
6830853
6830854
6830856
6830857
6830866
6830869
6830870
6830873
6830876
6830878
6830880
6830884
6830886
6830889
6830891
6830894
6830901
6830902
6830908
6830913
6830916
6830918
6830921
6830931
6830933
6830938
6830945
6830947
6830952
6830954
6830955
6830957
6830958
6830963
6830965
6830967
6830970
6830976
6830979
6830986
6830992
6830993
6830997
6830998
6831001
6831003
6831014
6831018
6831019
6831020
6831021
6831024
6831025
6831028
6831033
6831034
6831035
6831044
6831048
6831051
6831054
6831055
6831056
6831057
6831059
6831061
6831063
6831065
6831073
6831074
6831075
6831077
6831080
6831081
6831083
6831088
6831090
6831098
6831099
6831103
6831106
6831108
6831113
6831122
6831123
6831127
6831132
6831138
6831140
6831141
6831143
6831145
6831146
6831147
6831150
6831162
6831208
6831219
6831234
6831242
6831269
6831286
6831298
6831304
6831306
6831309
6831314
6831325
6831330
6831338
6831347
6831350
6831367
6831379
6831386
6831388
6831401
6831409
6831417
6831499
6831516
6831568
6831587
6831613
6831620
6831629
6831630
6831631
6831632
6831634
6831636
6831637
6831639
6831640
6831642
6831644
6831647
6831648
6831650
6831653
6831654
6831697
6831702
6831726
6831727
6831748
6831821
6831822
6831852
6831856
6831857
6831868
6831900
6831903
6831925
6832024
6832027
6832031
6832055
6832089
6832095
6832140
6832168
6832170
6832176
6832178
6832179
6832221
6832225
6832244
6832246
6832261
6832269
6832281
6832295
6832300
6832339
6832352
6832356
6832366
6832367
6832391
6832407
6832417
6832423
6832426
6832450
6832471
6832472
6832474
6832533
6832569
6832576
6832609
6832666
6832812
6832852
6832886
6832915
6832916
6832923
6832950
6832955
6832972
6832980
6832989
6833002
6833021
6833025
6833058
6833096
6833103
6833114
6833129
6833166
6833185
6833205
6833209
6833210
6833296
6833308
6833317
6833319
6833407
6833483
6833509
6833510
6833514
6833515
6833517
6833521
6833529
6833534
6833611
6833615
6833719
6833767
6833774
6833781
6833792
6833834
6833837
6833860
6833871
6833876
6833914
6833931
6833953
6833956
6833963
6833972
6833984
6833985
6833986
6833998
6834002
6834011
6834104
6834165
6834189
6834246
6834284
6834383
6834385
6834516
6834580
6834668
6834688
6834740
6834751
6834861
6834973
6835003
6835109
6835762
6836269
6836317
6836440
6836478
6836774
6837131
6837183
6837196
6837406
6837507
6837516
6837577
6837602
6837604
6837605
6837700
6837729
6837730
6837732
6837734
6837736
6837812
6837860
6837881
6837935
6837949
6837959
6837965
6837966
6838142
6838146
6838149
6838151
6838205
6838223
6838349
6838350
6838351
6838352
6838353
6838354
6838355
6838487
6838509
6838510
6838513
6838541
6838560
6838642
6838705
6838868
6838918
6838919
6839074
6839193
6839195
6839198
6839273
6839514
6839515
6839527
6839633
6839640
6839700
6839702
6839743
6839751
6839853
6839869
6839876
6839917
6840270
6840403
6840437
6840476
6840508
6840535
6840564
6840565
6840566
6840570
6840879
6840880
6841122
6841123
6841208
6841596
6841615
6841721
6841804
6841877
6841937
6841943
6841947
6841958
6841966
6842001
6842004
6842006
6842224
6842321
6842349
6842355
6842364
6842365
6842370
6842858
6843023
6843025
6843026
6843211
6843723
6843765
6843840
6843915
6843948
6844144
6844303
6844417
6844434
6844481
6844553
6844632
6844714
6844813
6844824
6844952
6844953
6844974
6844979
6845024
6845043
6845046
6845052
6845053
6845071
6845073
6845078
6845080
6845100
6845130
6845140
6845215
6845376
6845404
6845496
6845558
6845718
6846481
6847250
6848087
6864064
6864097
6864102
6864103
6864150
6864156
6864162
6864181
6864207
6864209
6864236
6864238
6864246
6864247
6864251
6864254
6864277
6864287
6864316
6864324
6864347
6864405
6864476
6864487
6864522
6864561
6864569
6864598
6864638
6864703
6864769
6864824
6864854
6864960
6864970
6864999
6865002
6865077
6865086
6865111
6865123
6865130
6865143
6865146
6865147
6865157
6865179
6865219
6865239
6865276
6865322
6865369
6865378
6865383
6865408
6865409
6865449
6865581
6865584
6865609
6865621
6865622
6865712
6865713
6865834
6865852
6865861
6865926
6865962
6865997
6865998
6866021
6866030
6866046
6866047
6866050
6866052
6866058
6866060
6866107
6866109
6866112
6866116
6866120
6866140
6866149
6866176
6866178
6866179
6866180
6866192
6866202
6866203
6866210
6866214
6866216
6866224
6866226
6866239
6866242
6866257
6866264
6866302
6866325
6866326
6866335
6866336
6866337
6866342
6866345
6866357
6866368
6866411
6866412
6866433
6866435
6866442
6866445
6866452
6866453
6866454
6866457
6866479
6866480
6866483
6866485
6866488
6866491
6866492
6866494
6866496
6866509
6866510
6866528
6866563
6866596
6866597
6866599
6866614
6866617
6866621
6866622
6866647
6866671
6866673
6866682
6866688
6866720
6866724
6866733
6866734
6866741
6866748
6866763
6866764
6866792
6866793
6866795
6866798
6866865
6866874
6866951
6866981
6867008
6867024
6867039
6867049
6867057
6867058
6867060
6867064
6867065
6867109
6867125
6867126
6867130
6867133
6867135
6867142
6867146
6867150
6867152
6867153
6867166
6867168
6867169
6867178
6867190
6867195
6867196
6867206
6867207
6867208
6867214
6867217
6867219
6867221
6867222
6867225
6867228
6867232
6867233
6867237
6867244
6867254
6867272
6867286
6867291
6867292
6867294
6867302
6867342
6867353
6867354
6867355
6867374
6867377
6867430
6867432
6867433
6867436
6867446
6867468
6867527
6867585
6867590
6867617
6867625
6867626
6867633
6867638
6867640
6867662
6867673
6867685
6867687
6867702
6867706
6867707
6867719
6867764
6867786
6867798
6867800
6867803
6867810
6867838
6867846
6867848
6867853
6867855
6867860
6867866
6867884
6867885
6867890
6867891
6867892
6867893
6867894
6867895
6867896
6867898
6867899
6867901
6867902
6867903
6867904
6867905
6867907
6867908
6867909
6867910
6867911
6867913
6867914
6867915
6867916
6867917
6867918
6867920
6867921
6867922
6867923
6867924
6867925
6867926
6867927
6867928
6867930
6867931
6867932
6867934
6867935
6867940
6867942
6867943
6867946
6867948
6867952
6867953
6872563
6872576
6872577
6872578
6872579
6872580
6872581
6872582
6872583
6872585
6872586
6872592
6872593
6872594
6872595
6872596
6872599
6872604
6872605
6872606
6872607
6875439
6875749
6876069
6876214
6876224
6876338
6876339
6876954
6876955
6876988
6877161
6877220
6877260
6877715
6877766
6877987
6877995
6878080
6878210
6878324
6878371
6878421
6878425
6878452
6878649
6878720
6878817
6879027
6880057
6880089
6880091
6880092
6880096
6880112
6880136
6880139
6880159
6880182
6880187
6880226
6880257
6880267
6881694
6894605
6913564
6919380
6925498
7001536
7004388
7020944
7027116
7027120
7027121
7029942
7029943
7029944
7029945
7029947
7029948
7029949
7029951
7029953
7029954
7029955
7029956
7029958
7029959
7029960
7029961
7029962
7076509
7081096
7082228
7086132
7086309
7086766
7089858
7090090
7092043
7094020
7101845
7106756
7125139
7141276
7149525
7367292
7454378
7460141
7462371
7582446
7586162
7592317
7594981
7594990
7594992
7595002
7595174
7620228
7620229
7640399
7641390
7666974
7667212
7710198
7716532
7740867
7743391
7747533
7747537
7754133
7754176
7771940
7796030
7802311
7808296
7811358
7816732
7833423
7849496
7881346
7891867
7895575
7896823
7896908
7897284
7899523
8041314
8139166
8139199
8139266
8148035
8151385
8163757
8163758
8163759
8168219
8168220
8168777
8172678
8172686
8194962
8215298
8236765
8238968
8260315
8278280
8332151
8341649
8343985
8345398
8349761
8350703
8358348
8400766
8431069
8569779
8569780
8573785
8618257
8632963
8639292
8639517
8649984
8651965
8672803
8677070
8711746
8804168
8880966
8881136
8954079
8962808
9071928
9084685
9086187
9340246
9340420
9393702
9394301
9422396
