10152740
10705062
12657792
1348709
15158154
1537742
1537962
1570506
1585663
1586644
1587502
1645087
1714630
1757471
1765165
1766652
1767251
1767483
1772390
1776690
1780664
1780999
1791153
1843946
1988457
20411797
2059073
20873235
2244943
2261936
23059386
27407995
28135576
3656586
37788051
41107336
4419054
4426248
44918038
45693657
4604083
51851921
52526972
556416919
565213461
5697578
59112925
5979212
60330140
60650275
6084262
609709681
616708788
6280787
654506589
655203336
655959382
71519583
7369240
8189578
82204485
8303633
8316680
9698705
9802493
