1843946
3656586
2244943
6280787
1537742
1537962
2059073
1570506
4604083
1780664
4426248
1772390
8189578
1757471
1348709
1587502
1714630
1988457
1767251
1767483
1645087
1776690
1780999
1791153
7369240
12657792
8316680
15158154
82204485
23059386
27407995
60330140
654506589
4419054
5979212
556416919
60650275
655203336
8303633
2261936
565213461
609709681
9698705
52526972
51851921
37788051
9802493
616708788
45693657
28135576
5697578
44918038
1585663
1765165
59112925
1766652
1586644
10152740
6084262
71519583
41107336
20873235
10705062
20411797
655959382
