6819175
6826890
6829984
6818555
6817560
6816649
6824797
6821539
6829283
6816922
6817054
6826901
6819043
6827610
6817339
6817189
6817034
6832915
6821960
6816710
6820121
6817322
6825642
6821503
6817484
6825828
6822170
2715637
6818201
6817283
6820862
6820878
6826714
6822357
6823772
6845024
6817148
6819168
6823036
6818548
6826041
6827644
6818577
6820164
6829586
6829587
6817811
6819029
6819713
6829484
6822673
6829493
6819595
6829504
6819468
6820260
6818834
6820369
6820015
6817923
6819181
6829502
6820209
6821014
6820785
6820762
6829563
6820661
6820735
6825939
6820790
6826449
6826497
6821485
6821447
6821394
6816998
6819857
6820850
6817132
6823181
6819466
6817460
6817243
6829463
6845404
6816150
6829591
6829498
6829499
6842224
6826336
6828252
6822579
6819673
6818835
6816943
6826062
6817429
6837812
6819441
6822852
6817216
6818665
6818168
6816763
6827850
6816181
2715463
6822126
6821233
6829486
6818924
6829528
6824498
6829412
6818587
6823337
6829262
6829375
6829407
8343985
6823854
6823076
6829547
6826541
6823876
6831325
5494594
6821578
6821725
6828418
6829494
6821784
6842364
6829476
6822478
6829544
6823584
2340698
6833615
6827650
6829509
6828261
6826467
6827248
6826864
2715620
6827168
6827479
6829263
2715369
6829571
6837406
2715464
6828902
6827132
6826288
6818500
6818188
6818087
6819827
6821259
6864324
6820894
6818553
6823790
6823515
6816296
6816354
6866345
6817920
6826658
6824635
6823644
6824144
6830592
6830604
6830211
2730478
6831386
6831379
6830598
6831388
6831367
6831417
6827609
6816356
6817405
6817677
6819909
6816650
6825745
6818235
6824104
6817646
6823175
6824636
6821733
6827010
6827336
6826431
6829208
2716629
6823185
6816721
6816473
6828403
6816767
6821197
6816773
6821049
6820958
6818018
6819729
6821207
6817209
6816335
6822834
6829788
6820156
6817656
6817827
6820521
6818428
6830787
6824506
6830957
6823831
6823646
6829731
6830873
6831620
6830947
6828313
6817384
6819170
6823860
6817912
6818021
6818532
6817730
6817610
6818079
6819629
6823882
6830278
6817356
6818125
6817558
6818046
6819413
6819261
6819893
6817805
6820567
6830266
6821785
6867225
6872582
6816156
7086132
6816221
6816126
6824776
6816119
6816218
6816276
6816519
6866257
6816194
6816727
6815999
6817039
6816711
6817108
6816555
6816213
6825385
6826692
6816506
6816488
6821429
6818494
6821393
6818899
6816207
6817945
6816346
6821104
6816261
6816203
6844952
6816796
6866149
8350703
6817398
6816587
6816759
6816319
6816450
6817703
6816177
6826701
6816584
6816364
6816620
6817200
6816651
6817172
6816905
6816284
6816449
6866050
6821431
6817325
6825270
6816657
6816416
6816485
6816281
6817171
6816131
6866107
6816300
6825352
6816502
6816484
6816542
6816613
6816567
6825485
6816778
6816418
6816440
6816653
6817258
6816399
6817226
6822538
6816673
6816926
6817747
6821306
6817248
6876069
6817247
6822449
6817233
6819440
6817354
6821513
6817118
6817195
7029943
6821278
7029944
6817538
6817400
6816445
6816938
6821170
6817463
6816855
6817377
6816798
6816558
6817387
6816027
6817690
6867707
6818892
6817183
6817010
6821903
6867135
6866326
6817074
6824924
6818811
6817060
6817318
6816936
6818251
6816802
6817657
6821115
6817180
6826828
6816820
6817364
6816804
8880966
6817046
6816308
6820902
6819051
6821990
6816947
6819884
6817308
6818175
6817181
6816792
6816689
6819687
6818033
4255034
7149525
6816544
6819668
6816925
6817095
6817186
6817327
6817924
6825789
6867039
6822887
6842858
6867169
6817041
6816655
6818382
6817395
6867208
6866748
6818099
6817507
6817204
6821811
7029947
6819928
6818374
6822269
6817230
6817176
6818388
6817778
6817238
6821421
6816527
6817495
6817342
6817497
6817341
6821453
6822241
6817193
6819287
6826469
6817084
6821341
6818314
6817782
6817223
6817114
6818052
6817452
6818734
6866357
6817453
6818309
6819722
6819611
6817445
6817259
6818001
6818000
6817850
6820924
6818668
6820823
6818486
6818308
6818797
6817794
6818020
6818774
6818019
6816867
6818012
6818223
6818312
6817410
6821505
6817853
6817941
6818157
6819284
6817921
6816968
6817979
6818518
6817874
6816545
6819114
6817781
6818230
6818204
6817707
6817731
6819050
6819600
6819601
7029949
6818866
6816702
6819891
6818172
6818772
6817825
6818072
6818345
6818141
6845080
6819271
6818229
6820923
6818174
6831401
6826643
6820328
6818523
6819306
6817539
6818961
6819442
6820991
6817893
6819345
6818290
6819739
6819614
6819064
6818203
6818011
6821472
6845071
6818898
6866480
6866763
6818852
6824441
6818524
6821467
6820840
6818095
6818134
6818159
6817931
6817754
6818292
6817869
6817828
6819476
6818925
6820881
6820952
6820959
6819250
6867687
6821521
6820321
6817831
6820023
6817999
6825500
6827179
6818016
6818815
6818300
6820144
6876224
7881346
6818044
6817867
6824286
6819630
6820903
6821011
6816384
6825361
6825055
6819432
6825574
6819326
6825519
6818041
6818476
6821488
6818474
7754176
6821496
6818008
6821006
6819202
6825113
6819674
6817796
6864476
6819548
6867468
6824284
6820013
6819619
5593137
6817986
6821203
6818719
6820577
6819402
6820157
6820892
6820081
6820510
6821065
5409448
6819300
6867060
6867625
6823589
6816952
6818780
6819411
6818891
6819471
6819462
6818540
5904046
6819913
6819868
6837965
9084685
6819902
6819867
6819101
7029951
6819410
6819096
6819008
6819269
6819270
6820593
6820217
6820118
6822053
6821877
6819302
6820412
6821000
6819099
6819109
6821098
6825558
6821122
6819796
6822220
6819222
6822209
6867153
6817165
6820059
6820801
6825332
6824950
6819117
6818225
6818224
6819409
6819705
6816531
6819497
6864769
6820566
6825456
6820479
6819914
6820377
6824321
6821109
7029953
6823941
7771940
6820472
6830351
6817311
6820640
6818984
6819785
6819039
6819951
6821471
6816528
6819976
6820743
6819634
6864246
6820966
6820267
8954079
6842006
6819920
6820142
6820675
6822959
6816588
6820765
6820825
6820723
6828447
6821344
6864287
6820721
6825187
6867228
6843211
6820613
6820809
6821047
6825168
6867673
6820866
6821351
6820772
6820746
7454378
6821269
6821298
6820832
6820987
6821304
6820846
6820942
6867355
6825876
6824082
6816819
6821101
6821136
6817798
6867286
6821190
6821189
6819937
6821335
6824579
6820554
6821284
6838642
6821287
6825962
6825133
6821842
6820956
6820937
6821033
6821527
6829850
6820725
6821427
6867786
6821285
6821365
6821493
6821277
6821333
6820949
6821307
6821256
7029955
6821410
6821282
6867866
6821086
6821448
6821456
7029956
6864162
6844979
6821053
6816805
6816722
6866457
6820969
6818057
6817917
6818560
6818036
6819519
6818956
6819640
6825158
6829814
6820653
6819641
6827516
6820373
6821143
6820161
6820912
6819539
6818588
6817437
6839527
6816566
6824851
6820940
6837966
6818035
6818344
6842001
6817561
6826712
6825044
6867662
6821531
6867855
6816510
6841937
6820884
6826724
6818177
6840564
6816546
6819684
6817324
6815986
6817329
6820808
6819438
6827962
6866874
6827815
6845718
6817839
6816042
6867433
6821250
6822166
6816114
6821015
6821532
6823374
6821128
6867430
6867377
8345398
6821546
6866202
6817185
6866647
6823870
6820907
6816371
6819685
6818554
6816896
6821540
6817740
6844632
6816192
6819229
6818022
6820270
6817611
6819706
6826004
6865146
6834751
6872604
6864960
6827261
6817514
6818522
6817021
6822164
6819480
6816969
6819637
6817462
6818762
6818410
6819446
6816797
6827442
6818242
6817170
6816659
6818999
6816700
6819702
6844824
6821792
6832576
6822310
6824417
6836478
6875439
6817307
6816372
6826037
7029959
6866264
6824531
6838146
6818995
6818349
6816560
6823808
6830931
6823913
6818097
6826486
6866622
6826878
6824102
6823518
6829323
6818293
6823964
6818181
6817225
6831350
6816971
340820
6817083
6819689
6819530
6837732
6837734
6823162
6819308
6823196
6820233
6829023
6823942
6865383
6829241
6822817
6822558
6832423
2735785
6831347
6823127
6823179
6832176
6822239
6843840
6826676
6822969
6817757
6839876
6816278
6816196
6816554
6831856
6821268
6825967
6845215
6822836
6817284
6817212
6818563
6820088
6818745
6865086
6817035
6816444
6816734
6821314
6823991
6830281
6821758
6817534
6818208
6818543
6824534
6816390
6831857
6872605
5518215
6872606
6842355
6875749
6343201
6824749
6823451
6831409
6867953
6823296
6818511
6816747
6823144
6821993
6828531
6816023
6824048
6833787
6832145
6824125
6831389
6823915
6821730
6817421
6816941
6817002
6816893
6829165
6817004
6821483
6817930
6819313
6823238
6819795
6818264
6816286
6824638
6827471
6826012
4255035
6818769
6829862
6818992
6817972
390186
6867138
6818788
6819754
6864616
6819688
6817087
6816830
6832355
6816599
6817236
6820525
6819964
6823225
6817207
6819760
6820524
6832323
6821303
6819947
6824114
6817031
6837737
6819566
6823032
6817090
6834846
6817375
6820352
6818580
6820998
6816359
6816454
6817943
6818090
6817936
6822756
6825282
6817642
6866690
6817240
5454459
7029967
6872608
6816351
6817383
7029968
6819721
6840410
6865823
6822696
6839954
6866320
6816298
6817589
6829135
6822409
6821267
6820449
6831986
6818048
6866437
6821039
6819930
6876952
6817363
6821537
6865502
6817000
6823372
6880120
6817464
6827949
8336639
6878208
6823228
6838911
7595491
6866020
6838643
6822356
6817958
6824977
6820500
6865972
6817650
6817907
6817515
6821082
6817897
6818122
6834183
6823155
6820849
6820995
6816329
6827979
6822007
6832424
6876206
6876199
6876196
6823295
6826664
6830912
6864550
6825795
6822508
6821756
6822325
6823982
6819841
6823324
6867960
6829223
6830760
6820508
6821656
6828727
6820307
6823256
6837921
6826133
6844271
6823223
6827345
6864576
6821636
6831062
6835923
6818536
6816431
6822004
6823950
6830460
6823199
6825813
6825553
6823124
6880105
6876204
6823370
6831382
6832279
6818928
6872614
6823668
6864961
6864140
6826569
6823206
6823885
6834752
6822563
6821704
6823775
6831396
6825340
6865132
6823148
6824555
6829364
7029976
6823813
6880239
6823191
6822730
4123558
6827519
6825028
6840571
6864722
6823351
6880245
6823970
6880225
6880244
6823989
6880243
6880275
6831278
6827998
6830445
6823839
6841351
6821618
6876933
6823930
6832262
6821625
6821585
6821654
6827198
6833955
6821732
6824132
6821651
6821667
6821731
6822252
6832267
6823147
6823547
6827517
6865169
6822001
6832441
6832363
6823363
6015530
2735771
2735716
6865374
2735582
6838701
6823567
6825338
6832265
6865155
6837721
6864219
6837725
6824396
6832131
6826202
2735766
6824463
6823633
6829134
6829222
6831394
6830316
6831438
6879948
6832390
6826809
6832258
6831390
6827760
6821096
6823679
6831865
6823505
6823755
6832517
7523393
6831453
6831400
6832120
6832413
6832259
5424147
6823955
6822729
6831873
6832409
6822102
6866768
6829090
6824459
6824625
6826091
2725989
6864137
6830050
6823578
6830985
6826393
6823816
6825022
6825592
6832399
6824640
6823384
6834733
6865353
6864544
6864810
6830897
6831399
6833777
6824564
6865236
6864147
6818302
6830240
6845956
6832301
6823333
6829388
6832238
6831374
6823523
6832320
6831769
6880162
6823427
6823412
6827245
6826464
6827001
6829790
2883793
6843832
6827549
6825432
6831398
6827892
6826139
6827411
6825695
5466652
6825011
6830112
6825616
6864253
6825328
6825770
6826217
6830287
6828375
6827126
7432571
6846423
6822902
6832124
6824701
6827278
6864755
6825723
6834641
6827446
6837934
6827443
6832287
6836841
6825581
6832202
6826179
6826195
6826744
6832480
6831437
6825397
6832440
6825645
6831851
6832220
6832235
6829473
6829860
6827897
6828595
6828693
6827625
6827645
6827885
6824389
6823187
6823214
6828277
6832322
6832275
6840272
6836671
6832383
2735570
2735720
6865376
6827464
2735858
2735601
6832402
6832208
6832416
6864506
6832286
6832251
2817771
6825347
6816640
6825628
6825164
6819477
6819762
6821038
6826033
6822312
6832138
6825412
6822002
6818806
6817981
6816829
6818980
6824432
6826876
6838323
2732611
6827199
6831922
6828426
6828086
6828386
2732789
6872638
6818136
6845686
6816414
3813829
6866319
6876989
6816681
6817062
6866251
6817260
6837004
6878722
6828415
6818075
6820879
6817273
6818779
6819887
6843031
6844114
6821912
6836513
6820915
6836526
6819185
6820800
6872648
6865928
6865942
8139200
6825783
6820618
6865081
6822634
6821100
6820770
6821130
6827870
6837065
6836498
6816210
6817571
6838649
6866655
6837967
6866815
6822120
6817252
6836523
6872661
6866921
6866922
6817289
6817038
6822993
6816046
6844155
6828616
6830969
6823154
6836510
8214262
6704633
7020922
6816811
6824313
9099434
6836434
6828518
6838014
6827818
6821782
6826594
6829264
6823879
6823173
6823063
6823142
6821634
6866770
6878984
6838597
6829301
6837237
6839993
6838598
6830554
6837887
6868013
6831410
6864591
6864907
6837811
6822106
6824405
5424233
6844272
6866771
6866772
6866773
6835042
6866774
6866775
6833666
6834259
6829698
6865637
6827255
6825704
6831575
6865379
6834231
6831377
6834528
6831378
6825538
6827181
6830855
6830764
2730459
6829402
6818199
6829887
6817835
1588147
6829913
6823197
6822580
7413146
6829915
6826308
6829886
6828140
6822643
6816623
6817156
6817774
6818371
6822865
6822370
6827679
6825660
6832130
6828528
6832136
6830361
6826386
6844963
6816600
6821559
6816923
6816934
6845006
6822153
6822588
6820362
6820303
6822328
6818728
6818637
6821240
6819377
6821900
6818389
6818754
7417208
6818357
6819907
6842139
6819898
6819323
7623477
6867670
6820514
6818281
6820513
7674535
6822224
6833342
6825093
6864356
6825186
6820541
6832631
6821469
6839519
6816983
6821219
6818393
6818029
6823744
6818442
6828720
6843525
6877309
6840854
6839485
6865229
6839918
6819354
6845444
6845445
6823498
6840277
6838363
6833115
6824518
6825337
6864588
6865703
6872708
6864984
5424285
6822604
6838017
6823606
6826410
6836673
6830547
6837383
6833056
6826289
6818455
6872711
6818903
6838673
5518388
6872719
6864973
6879031
6867061
6825388
6824985
6828637
6826312
6818960
6822523
6834472
6868084
6868085
6868087
6821850
6827107
6829969
6826617
7031324
6836710
6876354
6832990
6872754
6816331
6819090
6818874
6820170
6821482
6821949
6820926
6831527
6831551
6831611
6827270
6831602
6834379
6817883
6864452
6828360
6816326
6816563
6826929
6821462
6829672
6816486
6826969
6829282
6829281
6840572
8343717
6836079
5424377
6818655
6826938
6816696
6845194
6823832
6817089
6822943
6821514
6820484
6826409
6817315
6826027
6819014
6848275
6844109
6827891
6832945
6842361
6819677
6818365
6833749
7031328
6834621
7595543
6867337
6865492
6823058
6822182
6831085
6837968
6844436
6872758
6866380
6823402
6818234
6829774
6836142
6820845
6823450
6836147
8343943
6818190
6817749
6843783
6817823
6828931
6829802
6818338
6826052
6818922
6820988
6825576
6835893
6840573
6823706
6826710
6821055
8343993
6832086
6821621
6825994
6829288
6833711
6845862
6819562
8344720
6832540
6872766
6826068
6822879
6823157
6828805
6818431
6821916
6819697
6824732
6817101
6823836
6834763
6820669
6828549
6821022
6833034
6820682
6841984
6844116
6828368
6822664
6820719
6844118
6840407
6816368
6826562
6818737
6827538
6817353
6826399
6824186
8411194
2939130
6828691
6822741
6831953
6821332
6826085
6820911
6830245
6831385
6831418
6831375
6831393
2730476
6823762
6817524
6816724
6816508
6816716
6824871
6817116
6819084
6817718
6819188
6817719
6837969
6818381
6821297
6829878
6826531
6826573
6818221
6824616
6823521
6829666
6817265
6829848
6826729
6827773
6827059
6816083
6829665
6822350
6817733
6821543
6824803
6819631
6829755
6819844
6829728
6820349
6818196
6816226
6826473
6823856
6826480
6824600
6872773
6821590
6828459
6822603
6827550
6827327
6827908
6826532
6819799
6838298
6828437
6823476
6831708
6823271
6822355
6822441
6827769
6825120
6825993
6831744
6828571
6827764
6832385
6831601
6832149
6831343
6834239
6833535
6831907
6834533
6838324
6826184
6829983
6833177
6833183
6832887
6832899
6837160
6837300
6825793
6820420
6832941
6817502
6823811
6832949
6818879
6828278
6820482
6837182
6840048
6829967
6833000
6833693
6868138
6868140
6829965
6825790
6824276
6818440
6819628
6829289
6868141
6829753
6829971
6825784
6829964
6829260
6825170
6816247
6833281
6817698
6825064
2719611
6817406
6816958
6834614
6868149
6818325
6834616
6829660
6823802
6837145
6868158
6816592
6829720
6833027
6823362
6868166
6829978
6829970
6829760
6826950
6829922
6833170
6823395
6830966
7596000
6868170
7596001
6833673
6823529
6834928
6817617
6820900
6829740
6822024
6829757
6837420
6829980
6829696
5424509
6833104
6831041
6831058
6829297
6830041
6832967
6830892
6832901
6830896
6830780
6833130
6829762
6833055
6822021
6829742
6824618
6832954
6868207
6832985
6868209
6868210
6837426
6868214
6868216
6829738
6832956
6868221
6829787
6868223
6830069
6829827
6828900
6830075
5424853
6825085
6832971
6829779
6833318
6833322
6829670
6826247
6831144
6831094
6829451
6826248
6828702
5424905
6830739
6868268
6826565
6868269
6827832
6865245
6831130
6831675
2731085
6830734
6877318
6831060
6832374
6832277
6837467
6831462
6833949
6867199
7032161
6831711
6831773
6816495
6825137
6826662
6817261
6824910
6819207
6868285
6868286
6825528
6817691
6828098
6834941
6832459
6832982
6827350
6821847
6822663
2719612
6825052
6818634
7149472
6824329
6824958
6825491
6826024
6824043
6838148
6838150
6837999
6823241
6838153
6836303
6830759
6824269
6825884
6823242
6825885
2723328
5520264
6838155
6838000
6838156
6816571
6831407
6865655
6872782
6839959
6821151
7297347
6819006
6825557
6868295
7596019
6836606
6822425
5520271
6824191
6880228
6864139
5424957
6818681
6817131
6822596
6823090
6832069
8098968
6837946
6832723
6836894
6827121
6865576
6831397
6838609
6828001
6831999
6829917
6820779
6820781
6816256
6822771
6838184
6827686
6830083
6833223
6828125
6830366
6832137
6826411
6822326
6822413
6822442
6827798
6831037
6830715
6830862
6823654
6831089
6824146
6817326
6817574
6816823
6817742
6821084
6817628
6827950
6819479
6841098
6880177
6820178
6821428
6817806
6820474
6822853
6818064
6824445
6821687
6824163
6872818
6868337
6872819
6872820
6829177
6868342
6828473
6819087
6828604
6836535
6819667
8194208
6816397
6819561
4454541
2716825
6829215
6818764
6818453
5425094
6679906
6821010
6868361
6866231
6845192
6816812
6825092
6867212
6843063
6820828
6872837
7032184
6824922
6878329
6839960
6872845
7596039
3124669
6872846
6829437
6844944
8350189
6821890
6837960
6832928
6872852
6832135
6817750
6829334
6841246
6842408
6820040
6837039
6837089
6819408
6825040
6834188
6821215
6819166
6820036
6833329
6868385
6819756
6820147
6839955
6820658
6844243
6821378
6844197
6821279
6868395
6821880
6825321
6872862
7032188
6821893
6868396
6825776
6820777
6837817
6867845
6868404
6821220
6821384
6823484
6817639
6880082
6816906
6817736
6820997
5425190
6844117
6822700
6877326
6841817
6842860
5425213
6868430
6818573
6821475
6879056
6836932
6832895
6817594
6835928
6823438
6819102
6817672
6833660
6825207
7032199
6838984
6843073
6868442
6833490
6828920
6820006
6844785
6818619
6817868
6826585
5425242
7032201
7032202
6818058
6872884
9360721
7032203
6821153
5520442
6836124
6819463
5520443
6866117
6821095
6833426
6819658
6825766
3859854
6824089
6816022
6868470
6838575
6834638
6877333
6865977
6877334
6825941
6836552
4458270
6840580
9428754
6838612
7032208
6821430
6816271
6840414
6816317
7032209
6817667
6045773
6817401
6836493
6817255
6872902
6840855
6839795
6822242
6867681
6827973
7833731
6879067
6879068
7032214
6045784
6877335
6826707
2688160
6818947
7032216
6829909
6826389
6819133
6844123
6842175
6820749
6822393
6832361
6826955
7596104
8336645
7622907
6821201
6840436
6830404
6879072
6820826
7032220
6825050
6822480
6842862
8821808
6820358
6825272
6822489
6823956
6828371
6843088
6838225
6827325
6824777
6842905
6879868
5425353
7032225
6868501
6822311
6818268
7032226
6878195
6840856
6828914
8821812
6818636
6879905
6844168
7032228
6820404
6844196
7032229
7032230
6844814
6824349
6836445
6842141
6841357
6841687
6843093
6834676
7596128
6843095
6836235
6880060
6868515
6824830
6819767
6818483
6819252
6872972
6831002
6819503
6844122
6879080
6868522
6824979
6841821
6879081
6872981
7596132
6836388
6868526
6879082
6840937
6841189
6868531
6866530
4458269
6844865
6868532
6836514
8280864
6822419
6837970
6823321
6817282
6829104
5425445
6819573
9360739
6817310
6864286
6817360
6868554
6839930
6868555
6868562
6844154
6864429
6877341
6830234
6864320
6831076
6839956
9360740
6875761
6828100
6838529
6825297
6819367
6818539
6818469
6821497
6829110
7032250
8411195
6842031
6817830
7596139
6839528
6866742
6820716
6868600
6825586
6819778
6828077
9360742
6826522
6827103
6818598
6825333
6825244
6867386
6839772
6058219
6816322
6837185
6817411
6839529
6835931
6818576
6877345
6868618
6875763
7032255
6876403
6865172
6826691
6844140
6820122
6868624
6868625
6844946
6839564
6841267
6840620
6834396
6823921
6825398
6823995
6868639
7032257
5328307
6821708
5425602
6829336
6868651
6826199
8343995
6826918
6842938
6832108
6864268
6868661
6830661
6873023
6840858
6880113
6840621
6840622
6819283
6868667
6873026
6868668
6866891
6844833
3798967
6838991
6867831
6843105
6840601
6842334
6829006
6868689
6822123
8272861
6873036
6821523
7032266
6842851
6839963
6837961
6840962
6844180
6867698
6873048
6873050
6831295
6823823
7032270
6828919
6866088
6822371
6840625
6877783
6836568
6821734
6868703
7032275
6827837
6842437
6824160
6816910
7032279
7032280
6816212
6816442
6821354
6840859
6865503
6817894
6819862
6825743
6825172
6837962
6820542
7596199
6873073
6845119
6867598
7032285
6821380
7032287
6867863
6822970
6833489
6839486
7032289
6864851
6818887
6834166
6841861
6876834
6828084
6873088
6839965
6816268
6078285
7032295
6841587
6821726
6844158
6867319
6823443
6837971
6816208
6824941
6839530
6816645
6816493
6819196
6825068
6820080
6821131
5905210
6839263
6820690
6819724
6819493
6840936
6816195
6817738
7596212
5520791
6823320
6834690
7375633
6826458
6821076
6819485
6841352
6819155
6868744
6820984
6820095
6820177
6817008
6823316
6832935
6820047
6818063
6844837
6816707
6825740
6848100
6825317
6843116
6821147
6827338
6840448
6868766
6819470
6839757
6816551
6879122
6873126
6711571
8022598
6841340
6844041
6837963
6824341
6823820
6840606
6839834
6816501
6816306
6839565
6866404
6880214
7032309
6847629
6826703
6821566
6865835
7596221
7032310
6827256
6677071
7032312
6868790
6866895
6875770
6868791
6839714
6839264
6864257
6839265
6873145
6837964
6868793
6816309
6820861
6868797
6819173
6839577
7596227
7148883
6839487
6838461
6875980
7032321
6817069
6820128
6817583
6837488
9360752
6816024
6868820
6866850
6842864
6822610
6825781
6825329
6868831
6833709
7032330
6818145
6818105
6868837
6868839
6873177
6873178
6841974
6877366
7032332
6820210
6828818
6877368
6821347
6840860
6844838
6873192
6873193
6825686
6868848
7032334
6868851
6820983
6816430
6876727
6825591
6841359
6840418
6824423
6820238
6873198
6876434
7896928
7032337
6827603
6823824
6873204
6825580
6868894
6868895
6841341
6880148
6840511
6835153
6833570
6829128
6842419
6873216
6842140
6831751
6844832
6839566
6826391
6864173
6821232
6820416
6823220
6877375
2718324
6879142
6823506
5426133
7596345
6823616
6873230
6866262
6868944
6868945
6838826
6847365
6842458
6818713
6868962
6867338
6834017
6833647
5426199
6822835
9360759
6840861
6840512
6865384
6837264
6840635
6842852
6840061
6837101
6840636
6824760
6843884
6834911
6841089
6836621
6838827
9360761
6828013
6826487
6833742
6873258
6844151
6826347
6873259
6838997
6839957
6877389
7807649
2715942
9360762
9106342
7596357
6827502
6877394
5521058
5955054
6822689
6840408
6825306
6844839
8821911
6840409
6826504
6840638
6841808
6869056
2908033
7032364
6828405
6824401
5426362
6848483
6822565
6832824
6833661
9360768
6869089
6842865
6828976
5426410
6873294
6839488
6842471
6829171
6869103
6823091
6830381
6667803
6822907
3473559
6876939
7032378
3021928
6680169
6837972
6869113
6840521
6844273
6865315
6869119
6831107
6869123
6823314
6869138
6837234
7596372
6831366
6877787
6844179
6828537
6826884
6845711
6869162
6826445
6877615
6843953
7596379
6866941
6838008
6838616
7032396
6826401
2890763
6877411
7032398
6869188
6869208
6833388
9360783
6680245
7596381
7032401
6826413
6873338
7596384
6878332
6828913
6878333
7032404
6837651
5426622
6843872
6879891
6840862
6828253
6866026
6869229
6830922
6825567
7032410
6873347
5521231
7596389
5426663
6840646
6822946
6826441
6821835
6826046
8575818
8575819
8575820
8575821
8575822
8575823
8575824
8575825
6830055
6842486
6840438
6866776
5426705
6873351
8821941
6823710
6840397
6843153
6836471
7032421
6826366
6878376
5521250
6837148
6877788
6818590
6015675
6864126
6869284
5426733
6869285
6869286
6827125
7596394
7032424
6818505
6829840
6680280
5426748
6878862
6842489
5521262
5426754
5521263
6845251
6823705
6877724
6839531
6842491
6844199
6838926
7511026
5426775
6869297
6869299
5426787
5521282
6869309
6869324
9360793
6137510
6827529
6842496
5521289
5521300
6873379
5426850
4418317
7032439
6826114
6828917
6824733
6840006
6840865
6865490
6834971
6869339
5521333
7032443
6828569
6845671
6842498
3974064
5426899
4458863
6833674
6875944
6833354
8627321
6833627
8168229
6869375
6869377
6866777
6839763
6864942
6869384
6873403
6839971
6831449
6865193
7143543
6873407
8821966
5426976
6835149
8821967
6842504
6842867
6842505
6137515
6840616
6840102
6865507
6869419
6836311
7621926
8821969
8821970
8821971
8821972
6869427
6829480
6835782
6842508
6869432
6843175
6877428
2909357
6842509
5521401
6840815
6873422
6869438
9113588
9446773
8273547
6825171
3253487
6822049
6834903
6869445
6839451
5427085
6876476
6869447
6869451
6844172
6869456
6838828
9360799
6873432
6873433
6869465
6873434
6830385
6843177
6840650
5521446
6832387
6865961
7597713
7597714
6841190
6841051
6865803
6816318
6842869
6833302
6869480
9360802
6866217
6830150
6869488
7032473
6838829
6834787
6843179
6834298
6830392
6838619
6836063
6830151
6831368
6835875
6866432
6830586
6833065
7597716
6840963
5521486
6828754
6832053
6837093
6878865
6869525
6836491
6869528
6834653
6841297
6837166
6873463
2716453
6058353
6869535
6869536
6833679
3347559
6841691
6828282
3409082
6873472
6867789
6839983
6864533
6869544
2890753
6865059
7597722
6864936
6839013
6840964
6828410
6825937
6866650
6830176
6830535
3103921
6827038
6838623
8278220
6833663
6059072
7032493
8821982
9547281
7032497
6838373
6873496
6842870
6832521
6831392
6832133
6840157
6833506
6821812
3010701
6833213
2842110
6835692
6869592
6832065
6821937
6817813
6820298
6680422
6873501
6848055
6819781
7032505
7597728
5427435
6841343
6873509
6828045
7032506
6865536
7032507
6869619
6869621
6834597
6831441
6830111
6838054
6825747
6843871
6841218
6834414
6828417
6830328
2723359
6873520
6829475
6830143
6831387
6820798
6833776
6830024
6831623
6824560
8413642
2735733
7032515
6831916
7032516
6830103
6826135
6873524
6836635
6826700
6834406
8805030
6822105
6817454
6842872
6825488
6828734
7032519
6818367
6822607
6821318
6821073
6822381
6878761
6835922
6823358
6821468
6817313
6817239
6824438
6825725
6822290
6821164
6818002
6821852
6820876
6825311
6836742
6838185
7032521
6866220
6824055
6818929
6844143
6827872
6824787
7032522
6842873
6877241
6826558
6869657
6824337
6818076
7597735
6839742
7032541
6826132
6840513
6873552
6844131
6822767
6824605
6842176
6826038
6842933
6838015
6816736
6839931
7597737
6838105
6816507
6842907
6841353
7597738
6879351
6821176
7032545
6836085
6836664
5521693
6827802
7032547
6825946
6839489
6821068
6826508
6824148
6844437
6837286
6830758
6842197
6830267
6875799
6842537
6877442
7032550
6844127
6827458
6829005
6826810
6837820
6826306
6869693
6864896
6833511
6842540
6873573
6866417
6843204
6865868
7597740
6827581
6831666
5629301
6869706
6876515
6877443
6821808
6822937
6822030
6825738
6831294
6831439
6828343
6830296
6869718
6842542
6830229
6830228
6832965
6833779
6834567
6830286
6819607
6869727
6836949
6830203
6828488
7067404
6864269
6866207
6824233
6825656
6864063
6820169
7032558
6825822
6825647
6839281
6821030
6823894
6867857
6838053
6825177
6821683
6816162
6817179
6817164
7032559
6873581
6823877
6837936
7032560
7597743
6834434
7032561
6867612
6816343
6825859
6844207
6844212
6844210
6844211
6844170
6848940
6837957
6837958
6824307
6841790
6816044
7597744
6838016
6844169
6818729
6821945
6835934
6839593
6841109
6823301
6869732
4434231
6838721
6838018
6825493
6844171
6822622
6821881
6821275
6869736
6866274
6842199
6834363
9360815
7597745
9547461
6824365
7597746
7597747
6837973
6828837
6838052
6842177
6842195
6822737
6824366
6839947
5521784
5521785
6878336
6828400
6826713
6842649
6869741
6840357
6837943
6838019
7597748
6840522
6821791
6869748
6834506
6842544
6866758
6864397
6825965
6838020
6873621
6864564
6866718
6838167
6838181
6838180
6838111
6822594
6824117
6824070
6838112
6822719
6834422
6834421
6830268
6838021
8809591
6838166
6825363
6869754
6869785
6869791
6828020
6869803
6877451
6869809
6822062
2730482
8064238
5427755
6842548
6836966
6833212
5427770
6832394
2862687
6828635
6831360
6834141
6831342
6876253
6829905
6876101
6843737
6825715
6840816
6826704
6877457
6833665
6869836
6838723
6873633
6832173
6832314
6843865
6828529
6832002
6058389
6865318
6832077
6869843
6834262
6831668
6828330
3801895
6832091
6832384
6832000
6828050
6827564
6833360
6839968
6836113
6838483
6838629
6819205
6819925
6823511
6823213
6838122
6838123
6838124
6838125
6824836
6838126
6834411
6828907
6832290
6834392
6820660
6832643
6839508
6834382
6834381
6832201
6832276
6832354
6833076
6869878
7597945
6876551
6869880
7032581
6876552
6876558
6869884
6829265
6832823
6869885
6869886
6869888
6869898
6869899
6869906
6869909
6876570
5844002
5523463
6869918
6873671
6877464
6836959
6869919
6058402
6842565
6877469
6869921
6058414
5429052
9360819
6869925
6837113
6837061
6834553
6822319
6825141
7420889
6817124
6818263
6844873
7032590
6840933
6836322
6825414
6832691
6025319
6828021
6828271
5844008
6831622
6832237
6831474
6841358
6833655
6831657
6834399
6830667
6865314
6838631
6873677
6830754
6838129
6838130
6825441
6838143
6838144
6825440
6832006
6832285
6832166
6833804
6823184
6832403
6831624
6831674
6841191
6830575
6837824
2730718
6865069
6832902
6869977
5844024
6832348
7597974
6869985
6879414
6828713
6837735
6834192
2903997
6822531
6824310
6826110
6822676
6821412
6870003
6826341
6824997
6845179
6870004
6870010
6879429
6870011
6832635
6523346
6870015
6837263
6834891
6833141
6831678
9544655
6832415
6838055
6834380
6834415
6838001
6838002
6873680
6870026
6842853
6870027
7597975
6825032
5429241
6816903
6828688
7597976
6826234
6821064
6870033
6841853
6843218
6839879
6837011
6870035
6832952
6834835
7032609
6833189
6841788
6825128
6833496
6870054
6820789
6833726
6832011
6832547
6836138
3060554
8627330
6832546
6834604
6865711
6840658
6838329
6834410
6840660
6832483
6832767
6842876
6835916
7032617
6833378
6870077
6834418
4174714
5523555
6841574
6840291
3296928
5429368
6870095
6844245
6844244
6878279
6833455
6866767
6870100
6824795
6840415
6841589
6836004
6835009
6832604
6834395
6833089
6864992
6873714
6835214
4434670
6842586
6832623
6865635
6838409
3270559
6838639
5523618
6834720
6836556
6833432
2892213
6824226
6837863
6824263
5429489
7597987
3036446
5429513
6680613
3385521
3149068
6865646
3247128
2715596
6833857
6843237
6838093
6824228
6824227
6838097
6838095
6838096
6870156
5429587
6832638
6825107
5429611
6843325
6844274
6834236
3056462
3056535
3056515
3056529
6832465
6833977
6833675
6830157
5429630
5429631
6680625
6015717
6833221
6834364
6834366
6834416
6827801
5429645
6837102
3297045
7125026
3270542
6866019
6833564
6833505
6844275
6833563
6833562
2911581
2911573
2911590
2915112
2911613
2911616
6870173
6873745
6873746
6834390
7032639
6836315
5429685
6870186
6839448
5762564
6834441
6876105
6873759
5523847
6878089
6870204
6870205
5328026
6870211
6641255
6838426
6873780
6837371
6837109
6870218
6833264
7589603
6833440
6877801
6837975
6833495
5523887
6839999
6830344
6837998
6837997
2969372
3347870
6866948
6840126
6836474
6870232
6841882
5523907
4406339
6865930
6866003
3069796
6824330
6824888
6824889
6838469
6838655
6838657
6870238
6834085
6833752
6816511
6817275
7597999
7032655
3759167
6825201
6838710
6819999
6823085
6824824
7598001
6879851
6865963
6873787
5523920
6839502
6839932
6870248
6825163
8041397
6866906
6826892
6839400
6821956
6865494
6835021
6842196
6864794
6824854
6838057
7598003
6877299
6842605
6843250
6865801
6839296
6877300
6873818
6873821
4417963
6866667
6839214
6838139
6834571
6877525
6839490
5433902
6865774
5523969
6870303
6835213
6836103
6827682
6836121
6873828
6820548
7032673
6844132
6840971
8343991
6821191
6841836
6824364
7598011
6838059
7032677
6837976
6837977
6835933
7598012
6844152
6840866
6821613
6842414
6834761
6824864
6840972
6838115
2892207
6837978
6837979
6870316
6817629
6822362
6822092
6822354
8411198
6819063
6824873
6841007
6844491
6842652
6837980
6821620
6840449
6844198
6825314
6842877
6822140
7032687
6835932
7032688
6868784
6820837
7598014
7032690
7032691
6839432
7598015
6816407
6844128
7634946
6835316
6824872
6833072
6873863
7032694
7032695
6833775
6839969
6817151
7032699
7032702
7032703
6842200
6844174
6838743
6826459
6870364
6870366
7143566
6828443
6873898
6835824
6837347
5434201
6870411
3347597
6832862
4134401
3043486
6839590
6824837
6840021
6838060
6825507
6824335
6838067
6844834
6844835
8046010
8214264
7598020
6818978
6835942
6818669
6838186
6839591
6841590
6839710
6825968
6823366
6837981
6844206
6838066
6840266
6873929
2907959
6824882
6835954
6835955
6870444
6870445
7032738
6870455
6823513
6873964
6876001
6873972
7032745
6839594
6828422
6834431
6870461
3055246
6834129
6847529
6835221
6870470
6838135
6838136
6876625
6876627
3151498
6834264
6826693
6870498
6834429
6838114
6866213
6876630
7147650
6876632
6842627
6832834
6838662
3427927
5434402
6870512
6015723
6834766
6835822
6870522
6870528
6877618
6828512
6874004
6840666
6878093
6842690
6879526
6817218
6870542
6820730
6838003
6840980
7032752
6874017
6842356
6844149
7032754
6817772
6865955
6841588
6838064
6838065
6822820
6870557
6839266
6839267
7032759
6841193
6839778
6870559
6821754
6844156
7580173
7032762
6817423
7616806
6840411
7032763
7032764
6839572
6820806
6870579
6844094
6840935
6870593
6838074
6838004
6823923
6827244
6841591
6874059
6844159
6832883
6844831
6843214
7648724
6879971
6839595
8343797
6840811
5525590
6137549
7634948
6840867
6874104
6841333
6837984
6879538
6836905
6876638
7032778
6839933
7032780
6835759
6835148
7598051
6827269
6880178
6844119
7032789
6840027
6841789
6844830
6874142
6827112
6874155
6870725
6866857
6844181
6839584
6842413
8575836
6870738
7032796
6839596
6843278
7032799
7032800
7001896
7598056
6830274
6866099
6870755
6870758
6826636
6838039
5434776
6843279
6828128
8096492
6874180
3386029
6874187
7896947
5377308
6837083
6877812
5434821
6842648
6137553
6823224
6879565
6824848
6824847
6877814
6870790
6870791
8928375
6820909
6870793
6870794
8928376
6830384
7598067
6838073
5434841
6870800
5434845
6846773
6836194
6831619
5525838
6837384
6870807
6831660
6870809
6829036
6870811
8928377
8928378
9071179
6817371
7598076
8822119
6831296
6877819
6843844
5525896
5434874
5525903
5525904
5434877
5434883
5434888
5525908
5434890
9360854
5434893
9071191
7598077
6825775
6870817
6870818
5434902
5434905
5434908
5434909
9071200
5434911
6500248
9360856
7845575
6870819
5434919
8822143
6870822
6870823
6870824
5434930
5525932
6877822
5434936
6870826
5434939
6878898
5434943
6870828
9071208
5434945
8822164
6870831
6877823
6870834
5434959
5525961
6870838
6870839
6840189
6870846
6870847
6866722
6870850
9113593
5434981
6879609
6824247
6823642
6874303
6833472
6870863
9559855
8822180
6870866
8928380
5435002
6870868
6840249
6833754
6837985
7598086
6828163
6841838
6876644
8350262
6834412
6829065
6829066
6829067
6842219
7807652
6844157
6835946
6864736
6839970
6839972
6840358
7807653
6840359
6834417
6834876
5435037
7032839
6839504
6843898
6839973
6818493
7032843
6839950
5435050
8344021
6833497
6837986
6825230
6825226
7771266
8964048
7619828
6866990
6870909
6844141
6840514
6828824
6835191
7032845
6877531
6865619
9360865
6835121
6841840
7032847
8411199
7598093
6840981
6877827
7032852
6844161
6874379
6839491
7032855
6836727
6833753
6842201
6870966
6837026
6833240
6870975
6870976
7032857
6870978
6822337
6874393
6842880
6825155
7032862
6874407
6838072
6868949
6840360
6839934
6875845
6842692
6865987
6877543
6864088
6838025
6874413
7598100
6842254
6838026
7147656
6838028
6879692
6879693
6871044
6874434
6874436
6874452
7754190
6871063
6842202
6841354
7747404
6840982
6834243
5526212
6823341
6844126
6844125
6871113
6834665
6831291
6871128
6832388
6832877
6701997
6836515
6878625
6874490
6874492
5526261
6871162
6871163
6871168
6837072
6840181
6842674
6871215
7032905
6839505
6876135
6840524
6837208
6865790
6874566
6827071
6871070
6827871
6865867
6837829
6828004
6836943
6871295
7032926
5526385
6839597
7032929
6865974
5846005
6871347
6871352
6137627
6865757
3419708
3407907
3166747
6834642
6834625
6841570
6835943
6838692
6834794
6834205
6838694
6838702
6874599
6838704
6838707
6835929
6824223
6835096
6837395
6843318
6871378
6838029
9535991
5846601
5435778
9535992
6871389
6824236
6835951
6835952
6835953
6865802
6834877
3033426
3120437
6836706
6838709
6838727
6838731
6838732
6838734
6837799
5356721
5356732
7323671
6840070
6874607
6871393
6871394
6841896
6825194
6838071
5435840
5435842
6824274
6836382
6842997
6835040
6045801
9327850
5526555
6680977
6879761
6680979
5526556
6865552
6834719
6838775
6836581
6838076
6841344
6838078
6838075
5526568
5526569
6833741
6824190
8341091
6837987
6866862
6878262
6824225
6844826
5526611
5526614
5435906
5435907
5435921
8734105
3385515
6836313
6838344
6352771
6866139
6874633
9547283
6831479
6842023
6838030
4397786
6833492
6822533
6865298
6836586
8822249
7564559
5436020
5847510
9071211
6680997
9071212
9071218
5526904
5847791
6681375
5436034
5526909
5526910
5526913
5526914
5526915
5526916
5526918
5526920
5526921
5526922
5526923
6058550
7904241
6681839
7598147
8822702
9535993
6682269
6839773
6825136
6838100
6838099
5436059
8707202
6058558
6058560
6835323
6871446
6839984
4974018
6866126
6843324
5526991
5526997
6838787
9394334
9394335
9394336
5527019
5366880
6836127
6825389
5527045
6871458
5527076
2935831
5436124
5527114
5527124
5527154
5527160
6838103
6838104
5527178
6874653
5527201
5527257
6840303
6838839
6836678
6866779
6836214
6867788
6866854
5436205
5527325
6821310
6682332
7033009
6839135
6837830
5527884
6841850
6834986
6838032
6838800
5527907
6874700
6874702
6864393
6871497
5527916
5527919
4434258
6077790
5527927
6682342
6871503
6840052
5527959
5527967
6848249
6848250
6871508
6864415
6838556
6837790
6841345
6838034
6838033
6840762
6838905
6838801
7598159
6844130
6842203
6844606
6824287
8214265
6844208
6826203
7598160
6844888
6840451
4452588
6844124
6864188
6836735
6838047
7598161
6837989
7063708
6839492
6840453
6824802
6840868
6864091
6839793
8214266
8214267
6839507
5436856
6824853
6840525
7598163
7598164
5528212
6823377
4454502
6840515
6837195
7033028
6844828
7598169
6874763
6871542
7598170
6838098
6866200
6837114
6839106
6837854
4420270
4420274
6874776
4420276
3971774
6058577
6058580
5528494
5436966
5528536
5528542
5528554
6840304
6838803
6838804
6838806
6838808
3941533
6838809
4136678
6837991
6836579
6836775
6836682
6866780
6836681
6839189
6839191
7598175
6836331
5528671
6837836
6824614
6837992
5437122
6836669
5528690
6833755
5528801
5528808
5528820
5528824
6874802
5528843
6874807
6874809
6874813
6837212
6871579
5528862
6871582
5528881
6871586
6871591
6843695
6836364
4184742
6837111
4240515
4565588
5366934
6839224
6839225
6838049
6874826
5437205
5528966
6839863
6871618
5529320
6837839
6786419
4627631
5529343
6866233
6871647
8584853
6840870
6838591
6036688
6838043
6840307
6840308
7033054
6866880
5437437
5848184
6058589
5848203
5529503
6058604
6058606
5529534
5848359
5848361
6058611
5848372
5848373
5848407
5848442
6058625
5848500
6058626
5848501
5848512
5848528
6058632
5848544
5848546
5848564
6058636
5848622
5848624
5848631
6058639
6878778
5529683
6840852
6818026
6839904
6837149
6877552
6836553
8849299
6837859
6871675
4459610
5437540
5529884
5529886
5529893
6841841
6843782
6834996
5529896
6837993
6837994
6837995
6837996
6838050
6838051
6824576
6823810
6844177
5529942
6877621
6151933
6871698
6874895
5529966
6871712
8823284
6879775
6837494
6871720
6879777
6874915
6840678
5437966
6874928
6871734
6877869
6878921
6839493
6841346
6848251
7598273
6878628
6874956
5438006
6871755
8823290
6665806
6665816
4047373
6867859
6841136
4282415
6840361
6874984
6866927
6871794
6871798
4255860
9118468
6866103
6871805
6877012
6871806
6839494
7598288
6871816
6839645
8706950
6871820
6871822
6871828
8046016
6871846
6841842
6840966
6834905
5530166
6875019
9547284
6844504
5438207
7033094
6876686
6875032
6840777
6839712
6876943
5530192
6871884
5438259
6841355
6875050
5438273
6839164
6871894
4448417
6871902
4434274
6871905
5438311
6842220
6839268
6839269
6839270
6839271
6839165
5438353
6879800
6839598
6839599
6839600
6871933
6875092
6866431
6877874
6824800
5438411
6844150
8343987
6094272
6839936
6839602
6841356
6840237
6839906
6871965
6871966
6871971
6839604
6682461
6875108
6871984
5530404
7033115
6838593
6682470
8611800
9360938
6682483
9360942
6879803
8823311
6682501
6682502
3476858
6682511
8823313
8823315
6682513
6682515
9360954
6058655
5530444
8823318
8823319
8823320
6824367
5530459
6871991
7033198
6875129
5530584
5530629
5438721
5438723
5530635
5530638
6879807
5530672
6872000
5530676
5530682
4185831
4124751
5530733
6767214
7896967
6875144
6875145
6875148
6840351
6840402
6840352
6840353
6875151
5530761
5530764
6875154
5530766
6875156
6875158
5530771
5530772
5530773
6875159
5530777
6875161
6875163
6875165
5530785
5530788
6875170
5530791
6875171
5530793
6875172
5530795
6875177
6875179
6875181
6875186
6875188
6875189
6875191
6875193
6875194
6875195
6875197
5439137
6875198
6875199
5530830
6837560
6077796
6875205
5530939
6842337
5530952
6844394
4469356
7033219
6840324
5439341
5531158
6830322
9424037
6839509
7896969
6872019
7033230
6864944
6872033
6839725
6867696
5531204
6843397
5531221
6875231
6842080
5531346
6838213
6659941
7011764
5531416
7033243
6841195
6682581
6682582
9360961
6682586
8823356
6682603
2719684
5531498
3473876
6682677
5439583
5531506
6682700
8823392
6137690
6682726
6137691
6834240
6840354
5531535
6872075
6847785
6840327
6683115
6683654
5848740
5439609
6684554
6137704
7598833
4406885
4878227
6835841
6872079
6879815
6872081
6844176
6878924
5439670
6839495
6848156
6843416
6843417
6839510
5531675
4373990
5531690
5439708
5439710
5439715
5439716
6843584
6842017
6842019
6824835
6822095
6839605
6835571
5531732
5439753
6872118
6839573
6840456
4186943
4423159
6839938
6837118
6839951
5531820
6872138
6839939
6839091
5531874
6836014
6840331
5531962
5531965
5531968
5531976
5531990
5531995
5531997
6839272
5532005
6835961
6875283
6820535
5848776
6685818
7033288
5955091
9536030
7598870
6840335
4437183
6840340
6058717
6058718
8824466
5532430
7598876
7598877
5532452
5439971
5532498
6866164
6872165
6839848
4857453
5538313
6659961
6877194
6685943
6685992
5538458
6840371
5538602
6840372
6872184
6844184
5538894
6840375
6686177
6686182
6686187
6686203
9236522
6839952
6843455
6875884
6375980
6872211
6872214
5337003
7896987
7896988
7896989
7896990
7896991
7896992
7896993
6878733
6840378
6875737
6822131
6877560
6826183
6840457
6840205
4374329
6840806
5538965
5538972
5538973
5538974
5538978
5539007
5539009
5539018
5539019
5539032
5539039
5441942
4445939
5539094
6829162
6841172
4779487
5849441
4376010
4374346
4376013
4376014
6839497
5441979
5441983
5441986
5441987
5441988
5539131
6875886
5442004
5442005
6841110
5442022
5539195
4469072
5539258
6866844
6872250
5539285
6875394
5539298
5539300
6875395
5539326
6875396
5539352
5539364
5539365
5539369
6875397
5539408
6875398
6875399
6875400
6875401
6875402
6875403
6875404
6872251
6875405
5539476
6875407
6875408
6875409
6875410
5539530
6875411
6875412
6875413
6875414
6875415
6875416
6875417
6875418
6875420
6875421
6875422
6875423
6875424
6875425
6875426
6875427
5539839
7033719
6840458
6840459
6840460
5539849
8255771
6839978
7144131
6840526
6840362
6840363
6848891
6839796
6844276
5442150
6058739
5540045
9360992
6842354
6877666
4452621
5442169
5540066
5442176
6840461
6872271
6875441
6686392
6840685
6875445
5540164
5849454
6877251
6840983
6840984
6840985
6840986
6872284
6840516
6840517
6840518
6840519
6840462
6840465
6840464
7807679
6554543
6872289
6839982
6839977
6839976
6872290
5540270
5652876
6843489
7599010
5540292
5442313
7599011
5540293
5442314
5442315
6686408
5442316
6151952
6686409
5540309
6841008
6840988
6840989
6840990
5540667
4642195
6841734
6839925
8750287
8825615
6842800
6840991
6840466
6841347
6840992
6875894
6840412
6840993
6840413
6872322
5541100
6840994
6842204
6842205
6841196
6841009
6840995
6841348
6867275
6840467
6840468
6840469
6840470
6840471
4452657
6840472
6840996
5442488
7033799
6840473
6840474
4454851
5442494
6841886
7599031
6876707
5541206
6841197
6842805
6840997
6841349
6841010
6840527
6840520
6842206
6840528
5541274
6840529
5442555
6841111
6015920
6840869
6840872
5541328
6840874
6840875
6840876
6840877
6840878
7033808
6841112
6841113
7033810
6841199
6842207
5541429
5541430
6875485
5556416
5541437
5541470
6842806
6841201
6841202
6841203
6875494
6842854
5442637
5442648
6872360
7033815
7033819
6875518
6663037
8825650
6872369
6841350
6842039
6842040
6842041
7599061
5005214
5769412
5442697
6841592
6841868
6841869
6246707
6842881
6866571
6423659
6842212
7033831
7033832
6841843
5318550
6841844
6702016
6841845
5890553
7033842
7001892
6842208
7033843
6842209
8350381
7033845
8046018
8700898
6842809
5601153
6822518
6686498
6686500
5541790
8769232
8825968
5442809
9544713
6151964
5442810
5541882
5654637
5890560
6151965
5542073
5442874
6686781
6842855
5542146
6872415
5542165
6686820
8168313
5542223
9236526
9236527
5885953
6137850
6686840
5442920
5542289
5442922
5442923
5442924
6823846
6823845
4670073
6841204
6841207
6635275
6878015
6686858
5849509
5542291
6686882
7033869
8158176
5932012
5542315
6686892
6686893
6686894
6872422
5542386
5542400
5542481
6842033
6842042
6842043
6879830
5442971
6844120
6842223
6878980
6844096
7849662
6077807
6833476
7033887
5442987
5885955
5542519
5443002
6686947
6686948
6840807
6844137
6876166
7001652
5629426
6250481
6844121
5652906
6824220
6878797
5601203
7604839
6878285
5998643
6015924
5993589
6877205
6876829
6078557
6878747
8080919
7434924
6078558
7033907
6876172
6058798
6015935
5769446
5955101
7033914
7033939
7033946
7033947
7335678
7033956
7033957
7033958
6921484
7033961
7033962
7604924
7033964
6867083
5542600
6875579
6844175
5601283
6842694
6842697
6844108
6875923
7897011
7897012
6833475
5955102
6842943
6876175
6876176
6876177
6876178
6876179
6876180
6842856
6842857
6844135
6844136
6844134
6876182
6876183
6877671
6843005
5466088
6094336
7033987
7033990
7033991
7001945
7604992
8214270
6876306
7640414
6872541
6047444
6844202
6876983
7754159
5897969
6103028
6844825
6844195
7648720
7034005
7034006
7034017
9116220
5890579
9486990
6671512
6877207
6877747
6877294
6015939
8324626
7034033
7034034
7605052
6877946
6844185
6523382
7598036
7034040
6485810
7897015
8273492
6878146
7605081
7879124
7901323
7897018
6554554
9536054
9236528
9441388
6686963
7034064
7034067
7034077
7034078
6704718
7034086
7034087
8750475
7034091
6686990
7034094
7623631
7034146
7034154
7605162
7796722
7440366
7605166
7034313
6841093
6840894
5543555
5955106
5653998
5654634
5654001
6842996
5543592
6687017
6687021
6058811
6687023
6842698
5543679
5443162
6687038
9361022
5465700
5443179
6041612
7084228
5890610
8707203
7143553
7598903
7598904
6629190
8936878
8936879
5443252
6840998
6835901
6841011
5543990
6842030
5443301
5443305
5544030
5544040
5443317
5443323
5443332
5443343
5370112
6878647
6137887
6841205
5443397
5381836
5544345
5544383
7605216
5544400
5544412
6015942
6841561
5544495
5544507
5544508
6875653
6842932
5544633
5544635
6687059
6841694
6841846
6824828
6875656
5544655
6025424
6877118
5544726
6878207
5544800
5544828
6840365
6841762
5849564
5443503
6875664
5544855
5544861
8750309
8750310
6687060
5544914
5544924
5544925
5544928
5544940
5545011
5545053
6842210
6842948
5356676
5545070
7034375
5444255
6838330
6607748
6103039
5545367
6843549
6842236
5545570
6842944
6842945
7034387
6043474
6824348
6842886
6842934
6766613
6137893
5545622
5998626
6015969
6015971
6824218
8776427
6687064
6875688
7876801
5634590
8843411
6058833
6058835
6058845
5634696
5634707
7605250
6058518
6137904
6152323
6036701
7605258
8843441
7849672
5634859
6015973
6015974
6041696
5652967
6059074
7034413
6047445
6844145
6058851
5769529
7605266
9361029
7605267
6878448
6015978
7434888
8593446
7034426
6844153
7605272
5908890
5918195
6844091
7435950
6015991
5981210
5993594
5993595
5993596
7598905
6878582
6025444
7034435
6025481
6844193
6060223
6844194
6036705
6036706
6060240
6060241
6060242
6173479
6379881
7605282
8611813
6058914
6077834
6077863
8411138
7034449
7034450
7034451
7034452
7605291
6376021
7034471
7034472
6137961
6138018
6138019
6246773
9361031
7897080
7034483
6173545
6379888
7034490
7034491
6246779
6246784
6262063
6246863
6255141
7048921
8350429
7034497
6864074
6864073
7034500
7605333
6423680
8843462
6343253
7034525
7598906
6844840
6844841
6844842
6844924
6734507
7897096
7034533
6878967
7034538
7598909
8071085
7034566
7034581
8981618
9538119
7034589
7034590
8418867
7034594
6629215
7034595
7605384
7034599
7034601
7034602
7897100
6652410
7034631
5545848
8350432
5545942
6833466
5546005
5443632
5443635
5546054
6842926
5546145
5546146
6841306
5634893
6041322
6043459
6043463
6687151
7605404
8844369
7605405
6846010
7605406
6094287
8947454
7146261
6844105
6015999
6016000
8207166
6016002
6016004
6016005
6016007
6687183
9361054
7034733
7623655
6704724
7897371
7897420
7897578
6842827
6016015
6016016
6692063
6016018
5653036
8707672
6844182
6246870
6710802
7621958
6843831
6656489
5635046
6692434
6692441
5546667
6692458
5849640
6692462
5849652
6692465
6058956
8844840
8844844
6103208
6692487
6692490
8611818
8611819
5897993
7034825
6246574
6016026
6692523
6692527
6152447
8677328
6692639
6246883
6692772
8845200
7605461
6692960
6692962
6693010
6246890
6693493
8845592
6693592
7038444
7598927
7598928
6058988
8845617
8627380
6138683
6138684
6841001
6058989
6103213
5549069
7436686
3122715
5494655
6016052
6016054
6016055
6016057
6016058
6016059
6138690
8809592
3409077
6921457
8272817
6710803
6843316
7623672
7038521
7605829
6538771
6844912
7605843
7605844
7605845
7845588
6059005
6592101
6878646
7925101
6592102
6625618
6641289
6641290
6675305
6675306
7450370
6698455
7038621
7038622
7038623
7038624
7038625
7048922
7048924
7038630
7038631
6734559
7038632
7580268
7605880
7038694
7605890
7440079
7605893
7041701
9113608
7038731
7605898
7038922
7440252
7039149
7049027
7039194
7039196
7605926
7605929
7440541
7039241
7039242
6379875
8750542
7605935
7605939
7440537
9327956
9327959
9327961
9327963
9327969
9327973
9327975
9327978
9327984
9327985
9327993
9327996
9327998
9328000
9328001
7598935
7040084
7040134
7413144
8845706
8845707
8845708
7440302
7040170
7605966
7605968
7605977
7605978
7605979
7605980
8350534
7901337
7606230
7606235
7598939
7440367
7440543
7606264
7606276
7598945
7606289
7598946
7654805
7897136
7440472
8701204
7606330
7607588
7598947
7598948
7607654
7598949
7608305
7608383
7608508
7608550
7608571
7608574
7598950
7897302
7608634
7608635
7608636
7608637
7608638
7608639
7608640
7608641
7608642
7608643
7608644
7608645
7608646
7608647
7608648
7608649
7608650
7608651
7608652
7608653
7608654
7608655
7608656
7608657
7608658
7608659
7622964
7608734
7608736
7608737
7608738
7608739
7608740
7608741
7608742
7608743
7608744
7608745
7622977
8139205
7634966
7807692
7807693
7807694
7807695
7640450
7640451
7747521
8062893
7640455
7634969
7634970
7634971
7634972
7634973
7634974
8168363
7696630
7696631
7696633
7696634
9547299
7796740
7807696
8168367
8139208
8139209
8046032
8046034
8046042
6584596
7048925
7608976
7609065
7609122
8350547
8138437
7621954
7609301
7609302
7609303
7609304
7609305
7609306
7580176
7609307
8846366
8214273
8214274
9547302
9547303
9547304
9547305
8847999
8848000
9016685
7609327
8974431
7609339
9361152
7609349
7609354
7609360
7609364
8848060
8848095
9328031
9328051
7609566
7609585
8214276
7818881
7609624
7807701
8896969
8096695
9547306
9547307
9547308
8257219
8257220
8257223
8257228
8257231
8257250
8158235
8782442
8214278
8194673
9018818
8216208
9547309
9547310
8240741
8240742
8240743
8707161
8546172
8327214
8296867
8327215
9547312
9547313
8350651
8350652
8701018
8350653
8350654
8350655
8350656
8350658
9083919
8546174
8362565
8362566
8362567
8387098
9547314
9547315
8546177
8546189
8651605
8418868
8562811
8565345
5903143
9083920
8634787
8634805
9547319
8634826
5903186
8653377
8701116
8884105
8701122
8701127
8701146
8701159
8707705
8897385
8873740
8802011
9547320
8873764
8896976
8926500
8896981
8937794
8955070
9452411
8955084
8970056
8967129
9525643
9016651
9016652
9016660
9016661
9016662
9016664
9016665
9073183
9073186
9452413
9099439
9106313
9547322
9236537
9236539
9232458
9544795
9361182
9328061
9486994
9525667
7670870
7897169
8278263
7617778
7609658
7609662
7609663
8651611
7609665
7609666
7609667
7609668
7609669
7609670
7609671
7609672
8158284
8158285
9547450
8611865
8611866
7609696
7609697
7609790
9408400
9408614
9410810
8928387
8928388
9504858
8928389
8928390
8849050
8928392
8849051
8928393
8928394
8928395
8928396
8928397
8849052
8928398
8695043
8769299
8981613
8411214
8937876
9120331
9482536
8849109
8974457
9362669
9362672
8981606
8981607
9452438
9544835
9116234
8707490
9547456
9547458
9504868
9504869
9459595
6092010
6218604
6423714
6523579
