6819574
6820408
6816180
6816980
6816068
6821359
6819175
6818884
6816695
6816090
6816415
6819657
6821539
6816691
6816922
6817054
6818501
6825951
6817339
6817189
6816760
6821960
6816710
6819727
6818178
6826483
6817037
6820121
6818519
6818171
6816807
6829031
6824879
6817321
6817134
6817565
6817338
6817322
6817662
6821503
6817902
6817484
6825828
6822170
6818558
6825433
6818112
6819545
6818201
6817283
6819378
6817688
6820600
6818487
6818981
6819044
6820878
6822352
6823873
6826714
6822357
6821560
6845024
6819986
6818233
6826134
6867219
6817556
6817779
6818228
6819160
6866951
6819168
6818286
6821211
6817612
6818740
6817616
6819753
6817833
6817633
6818069
6818082
6821489
6818071
6826041
6818836
6817860
6821561
6818577
6818875
6817997
6818446
6818696
6820164
6820518
6818953
6829586
6820833
6819029
6819713
6822673
6820159
6818652
6818739
6825041
6820343
6819468
6824916
6818933
6818834
6820369
6818747
6820015
6819181
6817585
6819369
6819895
6820314
6820100
6821014
6821515
6820785
6820864
6820762
6818717
6822076
6829540
6820661
6820735
6819505
6820733
6820790
6825782
6826497
6821485
6821447
6821394
6817739
6817846
6817852
6820557
6817132
6819591
6821155
6819466
6818078
6817851
6817460
6817192
6866596
6817243
6817847
6818804
6816150
6822535
6820450
6818142
6818185
6820437
6818657
6822579
6820925
6819673
6820604
6818835
6818259
6818258
6819034
6819429
6820024
6816358
6816943
6817429
6867206
6821159
6821072
6818139
6817837
6817553
6822039
6819560
6821188
6822248
6819353
6826171
6817841
6816694
6819398
6818434
6818452
6817901
6816615
6819810
6819943
6820058
6820405
6822145
6821444
6817440
6816763
6817017
6816086
6819535
6867292
6819679
6818303
6821288
6816181
6820565
6102924
6819443
6823553
6827854
6829583
6826916
6817666
6819483
6821504
6816230
6816678
6817697
6816913
6817080
6817689
6818823
6817003
6818317
6818763
6816995
6818024
6816821
6817109
6817998
6825821
6818500
6818427
6821372
6819112
6819587
6819708
6818824
6820409
6820468
6818073
6820441
6820180
6819543
6817336
6817675
6819403
6819652
6818862
6819653
6818080
6818188
6818003
6820000
6817640
6818837
6819357
6818087
6818732
6818829
6818943
6821373
6820953
6821209
6821449
6820200
6818545
6820620
6820552
6820671
6819827
6819730
6821259
6816515
6821118
6817651
6820342
6819115
6820251
6816632
6864324
6820894
6818553
6817487
6822379
6818678
6820056
6817848
6819532
6819525
6819804
6817843
6820309
6818900
6819802
6818301
6816939
6866345
6817734
6817920
6818283
6827902
6824406
6821363
6816356
6816257
6825595
6878720
7027121
6816321
6819419
6820330
6819081
6819839
6817405
6817677
6819909
6816425
6816650
6816477
6825745
6818129
6819605
6820897
6819969
6818235
6818270
6817646
6822479
3353459
3424987
3260689
3100957
6816846
6819078
6816223
6816721
6816908
6818385
6818990
6818158
6818161
6819058
6822324
6816765
6820113
6817024
6819686
6819709
6822584
6817791
6816439
6818288
6816105
6816337
6816948
6816927
6816549
6816393
6816767
6816714
6816773
6817961
6819390
6821049
6819768
6818614
6822149
6817071
6820958
6820371
6819829
6819141
6817250
6819047
6819955
6818307
6819927
6819339
6819983
6820146
6819966
6819729
6821371
6821265
6821207
6472700
6818198
6816248
6819542
6818466
6817638
6817346
6817692
6817209
6817102
6822159
6817472
6819041
6816990
6818473
6818601
6820156
6816447
6865926
6817656
6825067
6822668
6817827
6817669
6816666
6816789
6820521
6819450
6817190
6819474
6844953
6820269
6819082
6818428
6817379
6838149
6838151
6830802
6830787
6822074
6831147
6830902
6830430
6833002
6830784
6831033
6830725
6840535
3036548
6830841
6819170
6817912
6816795
6818532
6817435
6817730
6819303
6817610
6817167
6819675
6825548
6818079
6822597
6820434
6818868
6820048
6821857
6817356
6818708
6820578
6819210
6819832
6819061
6817558
6818046
6818482
6819813
6819413
6818094
6819893
6818065
6817805
6816547
6817067
6824088
6821358
6816756
6816690
6819683
6867225
6816064
6816250
6816386
6816360
6824091
6821535
6816503
6816168
6816156
6816234
6816233
6816274
6816232
6816275
6816174
6866052
6816201
6816647
6817505
6816221
6816126
6816218
6866614
6816276
6816519
6821917
6816367
6822974
6816949
6816727
6819448
6816912
6817039
6817108
6816555
6816213
6866180
6816365
6816488
6866046
6816492
6816369
6822811
6818494
6818899
6816207
6817945
6816346
6821104
6818098
6816261
6816294
6816203
6816467
6816457
6816776
6844952
6816434
6816518
6816796
6826043
6816587
6816482
6817703
6816177
6816584
6816240
6866496
6816620
6817786
6816651
6825471
6816905
6816398
6816463
6821440
6816284
6820221
6816420
6816437
6816491
6866116
6817029
6817018
6866336
6824807
6824794
6824805
6817441
6816419
6816709
6816490
6817325
6816777
6867846
6816474
6816657
6816416
6816509
6818377
6816299
6816485
6816281
6817171
6816552
6817051
6816320
6821059
6817578
6817012
6816300
6866485
6825352
6818111
6816484
6816582
6816634
6816688
6816542
6816613
6825485
6816574
6816778
6816418
6816440
6817258
6816663
6817967
6816852
6816399
6824808
6816316
6819028
6816628
6816670
6817206
6816652
6816676
6816394
6816673
6816848
6816897
6816654
6817168
6819655
6819083
6816926
6817747
7029942
6821306
6817248
6825572
6817112
6817247
6816963
6817373
6818061
6817111
6819440
6820980
6816635
6817354
6821513
6820699
6826348
6817118
6817337
6817459
6816914
6816726
6838352
6817195
6817294
6825071
6821278
7029944
6816581
6817400
6816445
6822685
6816938
6816899
6816723
6816911
6816637
6821170
6866112
6866224
6817463
6816855
6818602
6817129
6822113
6817135
6816984
6816686
6816785
6822199
6078281
8260315
6877766
6866479
6816573
6817358
6866454
6817705
6867142
6817690
6867707
6817374
6817183
6817010
6820857
6817393
6820363
6866326
6816633
6816577
6817074
6817245
6817011
6822499
6824924
6818799
6818811
6817434
6817318
6817432
6818914
6816521
6822587
6817403
6817948
6818251
6816687
6817408
6816802
6817657
6816748
5423918
6818595
6817180
6821348
6816820
6866226
6866214
6817115
6817364
6816804
6817046
6816902
6817937
6817020
6821516
6816630
6866203
6866210
6820902
6816947
6818401
6820165
6819042
6817508
6819341
6820880
6817308
6818175
6817181
6816836
6816835
6816792
6817715
6816689
6817709
6819921
6821967
6819687
6819592
6818855
6816970
6866178
6816544
6818591
6819553
6820007
6821291
6819668
6817271
6822186
6818958
6816925
6817231
6817095
6825354
6817549
6819897
6817924
6822136
6825789
6817099
6817085
6822188
6818335
6816831
6818287
6817577
6866335
6817328
6817041
6866412
6816900
6816655
6821976
6817042
6817466
6817049
6818382
6818319
6817554
6824992
6866748
6817133
6818099
6817507
6824877
6826499
6819057
6818946
6817182
6824878
6819555
6819389
6817430
6818777
6820817
6817230
6819961
6817178
6817568
6817780
6819510
6817778
6877987
6817238
6816752
6818055
6817495
6817620
6816994
6817361
6818262
6817297
6819138
6821453
6824883
6822241
6816814
6818546
6817704
6818753
6817193
6817741
6819287
6817119
6819288
6817084
6817782
6819103
6824886
6819241
6817223
6820459
6818052
6817452
6818734
6819430
6866357
6817453
6818297
6819184
6820458
6818392
6819502
6817389
6818309
6819722
6817445
6819338
6820189
6820815
6820012
6818013
6819387
6817220
6817290
6817259
6818871
6818001
6818000
6820802
6818616
6817760
6819725
6819346
6818361
6818218
6822128
6818180
6819507
6819690
6822227
6820823
6818486
6818308
6818306
6820704
6822152
6818797
6817794
6818774
6818019
6820962
6817279
6818012
6817735
6818223
6818312
6818632
6817410
6821505
6818514
6817269
6818611
6821968
6821438
6821295
6822382
6821495
6821954
6820175
6825048
6820641
6826706
6818405
6817272
6821149
6818624
6818128
6818640
6819032
6817853
6820504
6818157
6818913
6817242
6819421
6817921
6818165
6817334
6817543
6819289
6819385
6820534
6817861
6817092
6817094
6819116
6819140
6816968
6817979
6818472
6817382
6819163
6821018
6819717
6817431
6866411
6817960
6818518
6817783
6817644
6866453
6819379
6817874
6817916
6819114
6825544
6817520
6817781
6820443
6817728
6817684
6825081
6817940
6819422
6819395
6818204
6817707
6864209
6818254
6819712
6817731
6817732
6819600
6819715
6825060
6816809
6819601
6816918
6819732
6819415
6819458
6817555
6818866
6816702
6816590
6817137
6818911
6819891
6818651
6818172
6864254
6819121
6825754
6821854
6817335
6819424
6819106
6866433
6818070
6825515
6818072
6817895
6819831
6818345
6867221
6818141
6818295
6818164
6819142
6845080
6819589
6817765
6821551
6819271
6818229
6817766
6820923
6866673
6818174
6819074
6826643
6817532
6819335
6818968
6818962
6818066
6819551
6820398
6816887
6817274
6817863
6817533
6817572
6818212
6819306
6819107
6817539
6818961
6819979
6819442
6867152
6818067
6819076
6819092
6818751
6817295
6820991
6817893
6818957
6819345
6818290
6818059
6866981
6817872
6817714
6818014
6820326
6820626
6819962
6821121
6818006
6817499
6817784
6818074
6819736
6818583
6819775
6818203
6818011
6817873
6867133
6817785
6819167
6866724
6818092
6818831
6819177
6824241
6867195
6818830
6819692
6818844
6820380
6821472
6845071
6818132
6818898
6866480
6866763
6817942
6877220
6818930
6818852
6818189
6817761
6818524
6819486
6816876
6818445
6818135
6821467
6820840
6821253
6820400
6818095
6817455
6818134
6818219
6818159
6817962
6817641
6820396
6845053
6818276
6817826
6817931
6867109
6821152
6817754
6845073
6818292
6817869
6818209
6821218
6818918
6820596
6817889
6817828
6819476
6818917
6819266
6867146
6820881
6820952
6816841
6820886
6820959
6819360
6819250
6867687
6866617
6818150
6819132
6819500
6820321
6821083
6818749
6818173
6866509
6819065
6866510
6820023
6866688
6819602
6818818
6818016
6821205
6816173
6818815
6825472
6817800
6818300
6817631
6822593
6817637
6819351
6819957
6819661
6819811
6820212
6820452
6819537
6819989
6825563
6818528
6820144
6820869
6818496
6821392
6821309
6819040
6821361
6818907
6819808
6817790
6818547
6818109
6818044
6819297
6817867
6820077
6824286
6821292
6818004
6819296
6819630
6820903
6821011
6818530
6819880
6818660
6819329
6825361
6818674
6818826
6825055
6819432
6825574
6818038
6819326
6818042
6820917
6818664
6866793
6830397
6819565
6818474
6821496
6818356
6821006
6825573
6818813
6819674
6821315
6817796
6825587
6818126
6820038
6824292
6819623
6819075
6818468
6818572
6818470
6818725
6820013
6840437
6819619
6825463
6819506
6819617
6818449
6819911
6818600
6821032
6867294
6819093
6845078
6821203
6818719
6819889
6820891
6820577
6819091
6819624
6866792
6824920
6866741
6867049
6825049
6819402
6820157
6820892
6820081
6820510
6821065
6825047
6820281
6821252
6822229
6821087
6819954
6867060
6820720
6867625
6818780
6819411
6819758
6820461
6820338
6820928
6818650
6818889
6818663
6819462
6818298
6824303
6818540
6867058
6818391
6820185
6817145
6820223
6824306
6819913
6820629
6818666
6818255
6818938
6819452
6819902
6819867
6819101
6819410
6819096
6819008
6820263
6820402
6820684
6819270
6820201
6822211
6820581
6820410
6820073
6818421
6820049
6824954
6820119
6820593
6820764
6820475
6820931
6820217
6822236
6820118
6820116
6820090
6820139
6822053
6824937
6821877
6819680
6819302
6817138
6824911
6821000
6821046
6867626
6867702
6821003
6821002
6820423
6822216
6820370
6820050
6867590
6820560
6820135
6820063
6819997
6819109
6867291
6867254
6818426
6825694
6824948
6821098
6821036
6819672
6825558
6820074
6820697
6816972
6818986
6819796
6826406
6822220
6818504
6822209
6822208
6824312
6867153
6819218
6818420
6818864
6818227
6820059
6825332
6824950
6819761
6820631
6819117
6820055
6816035
6818224
6819409
6819942
6819705
6820184
6820863
6819355
6819995
6819497
6825089
6825456
6820232
6825148
6821308
6819890
6820472
6825815
6821060
6817311
6867633
6819974
6824969
6819828
6820096
6820640
6820041
6825667
6819785
6819039
6819951
6822661
6819447
6819656
6819959
6819603
6819976
6820743
6820183
6820824
6819734
6820182
6822207
6820576
6820141
6819634
6864246
6820966
6820267
6867685
6819900
6842006
6820124
6824903
6820675
6820345
6821981
6820765
6820462
6820825
6821454
6821344
6820654
6820390
6878421
6821316
6820532
6818435
6821141
6820721
6820599
6867228
6820760
6820811
6820740
6820635
6820613
6867214
6820809
6821047
6825168
6820403
6820540
6820866
6821181
6820154
6820772
6822253
6820746
6820939
6820796
6821298
6821004
6820987
6821304
6820846
6820942
6867355
6825876
6825787
6816819
6820089
6820397
6820776
6821101
6821136
6817798
6821413
5423946
6821249
6819824
6820087
6820974
6821190
6825518
6821276
6821208
6820091
6820782
6821139
6819937
6820819
6820678
6821210
6867217
6821063
6819782
6819578
6819531
6819691
6867302
6820554
6824970
6821284
6821287
6822230
6821329
6820319
6821842
6821045
6819533
6821296
6820956
6821527
6822055
6819534
6820725
6820318
6821175
6821427
6821126
6821184
6821501
6821041
6821285
6821365
6821493
6820685
6821277
6821400
6820949
6821307
6821186
6820526
6867374
6819805
6821282
6821415
6821200
6821376
6821086
6821456
6821262
6821157
6865998
6827968
6816362
6816722
6819376
6817694
6817908
6818351
6821941
6819612
6818057
6818677
6822057
6817955
6818195
6817917
6821510
6817762
6819439
7141276
6818036
6818755
6819482
6817914
6820753
6820615
6819243
6820257
6820653
6820002
6819412
6820014
6819641
6820046
6820060
6820161
6820728
6820912
6825043
6819539
6824935
6820951
6821457
6877260
6822894
6816163
6816182
6913564
6816436
6816966
6816557
6817365
6816472
6816323
6817177
6867130
6816564
6816566
6816962
6824851
6816825
6818722
6820940
6825746
6818035
6819586
6842001
6820203
6819527
6820890
6825044
6818760
6825039
6820611
6820168
6820642
6820246
6821531
6867855
6817439
6816898
6820884
6819456
6826724
6818177
6819336
6866442
6819265
6816546
6816764
6822214
6818296
6867719
6818654
6817324
6864236
6821336
6821491
6817477
6817745
6816110
6825109
6817329
6819529
6818304
6817254
6818423
6867065
6819438
6866874
6867848
6821242
6817839
6821129
6867433
6821250
6816114
6818160
6823150
6867640
6821532
6819777
6819975
6867446
6821128
6822552
6817753
6816965
6867430
6817789
6821466
6867377
6821546
6819978
6866202
6819973
6817185
6866647
6820574
6821520
6819540
6818241
6820950
6820907
6818091
6818712
6816158
6819685
6816154
6818554
6817643
6816896
6821540
6817740
6820602
6820439
6818916
6816100
6866597
6817396
6825320
6816192
6825629
6819003
6819229
6821940
6818022
6820009
6821213
6817963
6817535
6821409
6819060
6819706
6817645
6820932
6819165
6818088
6822048
6866337
6829026
6816264
6817473
6819356
6864097
6820226
6819492
6818432
6819362
6820052
6818373
6817016
6818987
6821317
6817088
6817792
6816575
6819159
6821470
6818184
6818613
6820406
6817366
7460141
6821915
6819719
6817399
6817021
6817270
6816550
6817113
6816269
6819071
6867150
6816969
6819637
6819647
6817462
6826145
6818762
6866764
6820550
6817944
6817713
6818410
6819446
6819018
6819967
6816751
6816797
6818463
6866491
6818242
6816916
6817170
6816659
6822155
6818397
6818131
6867342
6819037
6867190
6818113
6866216
6816395
6822085
6816700
6817808
6819066
6820061
6819616
6819702
6816660
6817433
6822305
6820865
6816462
6867233
6819642
6820844
6825858
6817804
6817575
6819877
6818699
6819046
6817307
6866242
6818970
6866325
6818349
6816560
6825243
6817708
6817844
6818097
6817710
6819080
6867222
6866622
6820838
6818399
6818425
6817130
6819941
6816325
6818447
6819783
6818249
6818293
6816608
6817696
6817793
6818181
6820768
6817225
6817911
6817884
6821080
6820948
6816971
6818250
6816992
6818137
6820771
6826036
6817083
6819689
6821162
6820835
6817809
6819530
6819307
6820389
6815974
6820769
6819869
6822239
6825061
6816754
6816749
6819242
6817550
6817027
6830537
6817757
6819263
6816196
6816554
6818838
6820935
6818299
6819977
6819174
6817858
6867798
6821268
6820280
6821266
6819604
6818192
6817284
6817044
6820523
6818563
6876988
6818745
6817035
6866058
6816444
6821414
6821314
6816665
6818151
6867008
6817534
6818366
6818543
6844434
6819931
6822680
