MarcIt ObjID
954925449798
954925488808
954926402638
954927605742
954927665160
954927677489
954928510654
954928588958
958480179709
958480189993
958480275064
110975506068881
110975506070993
110975955581178
110976725599780
110976725705158
110976725706542
110976725706718
110976725706722
110978966549902
110978966554552
110978966554956
110978966555150
110978966559668
110978966561386
110978966563388
110978976471627
110978976475101
110978976475481
110978976475529
110978976477425
110978976477655
110978976479725
110978976480169
110978976481239
110978976774471
110978976774935
110978976782037
110978977120364
110978977124534
110978977279412
110978977281084
110978977286948
110978977287516
110978977559919
110978977561629
110978977561683
110978977565669
110978977565761
110978977566541
110978977738675
110978977740651
110978977743621
110978977981566
110978977982974
110978978189284
110978978191080
110978978195756
110978978377495
110978978379513
110978978380359
110978978381899
110978978552933
110978978552939
110978978554239
110978978557093
110978978734727
110978978735569
110978978735845
110978978736261
110978978737351
110978978737641
110978978740533
110978978951972
110978978954326
110978978958182
110978978959298
110978979117891
110978979118087
110978979118969
110978979122721
110978979263706
110978979264940
110978979266014
110978979266144
110978979266652
110978979267676
110978979271916
110978979429774
110978979430560
110978979431692
110978979431776
110978979433566
110978979433672
110978979433688
110978979438162
110978979438278
110978979587095
110978979596187
110978979777337
110978979777387
110978979779655
110978979779715
110978979782827
110978979783129
110978979786663
110978984074549
110978984074657
110978984250582
110978984252420
110978984348107
110978984348237
110978984348249
110978984351047
110978984351053
110978984351079
110978984352571
110978984441757
110978984443957
110978984446129
110978984446481
110978984446707
110978984562127
110978984562139
110978984562169
110978984569771
110979839327079
110979839327551
110979839329519
110985822452112
110985822458248
110990130677014
110992357286438
110992357319088
110992357349708
110992357359652
110994185103036
110994185128166
110994185132202
110994185138244
110997393590010
111006469455896
111006469466310
111021046602064
111021048322026
111021048326120
111021052373028
111032812852532
111032812853604
111032812855862
111032812862534
111032812863726
111053619657006
111056645815082
111056647873232
111056649515666
111059166824000
111067035927012
111067635105032
111087911598000
111093987000006
991042723541564
991042723578192
991042724178034
991042724385594
991042725114418
991042727019402
991042727021534
991042727091574
991042727975716
991042728039860
991042728068708
991042728096430
991042728715348
991042728719612
991042728879204
991042728922110
991042730719554
991042732729472
991042733843780
991042733857896
991042734346354
991042734428024
991042734498052
991042734574570
991042734593982
991042734596118
991042734631552
991042735510042
991042736627448
991042736709392
991042736757896
991042736870036
991042736871072
991042736874352
991042736874376
991042736876492
991042736878636
991042736921748
991042736930336
991042736934612
991042737571850
991042737587956
991042737592228
991042737593356
991042737608418
991042737610540
991042737620226
991042737627772
991042737627790
991042737627818
991042737632074
991042737660106
991042737660110
991042737855210
991042739036400
991042739038548
991042739160242
991042739205504
991042739211962
991042739278736
991042739287370
991042740264464
991042740446942
991042740450186
991042740458766
991042741221640
991042741263252
991042744314616
991042744561934
991042744580202
991042744593144
991042745940446
991042745969334
991042745978984
991042745986470
991042745990688
991042746021720
991042748198704
991042748199830
991042748210490
991042748322658
991042748354750
991042748396508
991042749558482
991042749684856
991042749789842
991042749830502
991042751167340
991042751238204
991042754052872
991042754064690
991042754095832
991042754210786
1000000000017438
1000000000018746
1000000000020927
1000000000021034
1000000000025490
1000000000025493
1000000000033977
1000000000107480
1000000000107605
1000000000107619
1000000000107754
1000000000214808
1000000000214826
1000000000215176
1000000000215392
1000000000215603
1000000000215683
1000000000216062
1000000000217040
1000000000217059
1000000000217186
1000000000219976
1000000000220356
1000000000221259
1000000000222267
1000000000222502
1000000000222562
1000000000222792
1000000000222864
1000000000223395
1000000000223396
1000000000238197
1000000000238749
1000000000238757
1000000000238766
1000000000261960
1000000000263169
1000000000277487
1000000000280743
1000000000288338
1000000000290239
1000000000290515
1000000000290540
1000000000291012
1000000000291062
1000000000291225
1000000000291355
1000000000291388
1000000000291521
1000000000291535
1000000000291553
1000000000291572
1000000000291573
1000000000291604
1000000000294981
1000000000302003
1000000000303319
1000000000303608
1000000000305758
1000000000306642
1000000000306966
1000000000307763
1000000000309063
1000000000311587
1000000000320657
1000000000321197
1000000000322286
1000000000324126
1000000000329302
1000000000330345
1000000000330399
1000000000330429
1000000000330508
1000000000330514
1000000000330536
1000000000330617
1000000000330715
1000000000378883
1000000000393401
1000000000393403
1000000000393404
1000000000394022
1000000000397989
1000000000416051
1000000000416062
1000000000416172
1000000000416873
1000000000416936
1000000000417436
1000000000419500
1000000000419502
1000000000419503
1000000000419507
1000000000419510
1000000000419521
1000000000419586
1000000000419588
1000000000419600
1000000000419642
1000000000419965
1000000000419967
1000000000420158
1000000000420504
1000000000420562
1000000000420589
1000000000420778
1000000000421019
1000000000421076
1000000000421220
1000000000421242
1000000000421263
1000000000421371
1000000000421432
1000000000421459
1000000000421628
1000000000421843
1000000000421998
1000000000422451
1000000000422545
1000000000440113
1000000000440223
1000000000489706
1000000000489770
1000000000495984
1000000000495990
1000000000495994
1000000000496004
1000000000496013
1000000000496614
1000000000499234
1000000000500223
1000000000500486
1000000000501006
1000000000501082
1000000000501554
1000000000501580
1000000000502450
1000000000516455
1000000000517527
1000000000519616
1000000000519617
1000000000523371
1000000000523402
1000000000524176
1000000000524229
1000000000524355
1000000000526005
1000000000543718
1000000000543994
1000000000544018
1000000000544028
1000000000544068
1000000000545399
1000000000545469
1000000000545472
1000000000547421
1000000000557904
1000000000564067
1000000000687054
1000000000697807
1000000000698140
1000000000698145
1000000000698154
1000000000698155
1000000000698223
1000000000698278
1000000000698425
1000000000698473
1000000000698961
1000000000709364
1000000000709546
1000000000726593
1000000000726594
1000000000726595
1000000000726597
1000000000726600
1000000000726601
1000000000726602
1000000000728068
1000000000749843
1000000000749897
1000000000750894
1000000000751365
1000000000758192
1000000000758233
1000000000758246
1000000000760053
1000000000769646
1000000000804940
1000000000804946
1000000000804947
1000000000820652
2320000000011278
2320000000011656
2320000000013873
2320000000015738
2320000000017467
2320000000018490
2320000000018800
2470000000003059
2470000000006167
2470000000006169
2470000000006173
2470000000006184
2470000000006185
2470000000006186
2470000000006187
2470000000006188
2470000000006189
2470000000006190
2470000000006196
2470000000006211
2470000000006238
2470000000006255
2470000000006256
2470000000006257
2470000000006258
2470000000006259
2470000000006262
2470000000006263
2470000000006264
2470000000006265
2470000000006266
2470000000006267
2470000000006270
2470000000006276
2470000000006277
2470000000006281
2470000000006285
2470000000006287
2470000000006291
2470000000006292
2470000000006294
2470000000006295
2470000000006296
2470000000006297
2470000000006298
2470000000006302
2470000000006308
2470000000006309
2470000000006315
2470000000006317
2470000000006320
2470000000006321
2470000000006325
2470000000006326
2470000000006338
2470000000006340
2470000000006342
2470000000006347
2470000000006351
2470000000006352
2470000000006369
2470000000006370
2470000000006371
2470000000006372
2470000000006373
2470000000006374
2470000000006375
2470000000006376
2470000000006382
2470000000006383
2470000000006395
2470000000006396
2470000000006397
2470000000006398
2470000000006399
2470000000006400
2470000000006401
2470000000006402
2470000000006403
2470000000006405
2470000000006407
2470000000006408
2470000000006412
2470000000006424
2470000000006434
2470000000006447
2470000000006448
2470000000006449
2470000000006450
2470000000006453
2470000000006460
2470000000006487
2470000000006488
2470000000006493
2470000000006498
2470000000006503
2470000000006512
2470000000006518
2470000000006519
2470000000006521
2470000000006528
2470000000006533
2470000000006535
2470000000006536
2470000000006549
2470000000006552
2470000000006553
2470000000006558
2470000000006559
2470000000006564
2480000000005339
2490000000000401
2490000000000510
2490000000000687
2490000000000691
2490000000000693
2490000000000694
2490000000000702
2490000000000704
2490000000000705
2490000000001211
2490000000003246
2530000000001338
2550000000009203
2550000000009327
2550000000016338
2550000000016343
2550000000033965
2550000000034167
2550000000034609
2550000000034741
2550000000042394
2550000000042425
2550000000071334
2550000000095882
2550000000095883
2550000000095885
2550000000095886
2550000000095892
2550000000095894
2550000000095895
2550000000095898
2550000000095907
2550000000095908
2550000000095909
2550000000095910
2550000000095915
2550000000095916
2550000000095917
2550000000095918
2550000000095919
2550000001346932
2560000000013285
2560000000073510
2560000000073625
2560000000074294
2560000000074540
2560000000076184
2560000000094074
2560000000097377
2560000000107371
2560000000113706
2560000000113963
2560000000113994
2560000000114037
2560000000114069
2560000000114241
2560000000114431
2560000000122190
2560000000122480
2560000000123753
2560000000235590
2560000000239044
2560000000258947
2560000000258948
2560000000259054
2560000000259057
2560000000259058
2560000000259060
2560000000259332
2560000000303672
2560000000338525
2580000000012556
2580000000012739
2580000000012757
2610000000000950
2610000000001031
2640000000000397
2650000000000056
2660000000009380
2660000000009459
2660000000032152
2660000000032569
2660000000032570
2660000000032572
2660000000032573
2660000000035374
2660000000036649
2660000000037294
2660000000037630
2660000000037677
2660000000038383
2660000000038590
2660000000038622
2660000000038809
2660000000039161
2660000000039197
2660000000039346
2660000000039367
2660000000039436
2660000000039774
2660000000039859
2660000000040492
2670000000015375
2670000000015559
2670000000015593
2670000000030379
2670000000054207
2670000000070904
2670000000075950
2670000000081692
2670000000083164
2670000000114797
2670000000120720
2670000000120722
2670000000120723
2670000000120727
2670000000120855
2670000000121432
2670000000121441
2670000000127999
2670000000128004
2670000000156101
2670000000158067
2670000000172650
2670000000172780
2670000000173784
2670000000181076
2670000000199601
2670000000219834
2670000000320217
2670000000320305
2670000000338845
2670000000339258
2670000000339268
2670000000339269
2670000000344188
2670000000344199
2670000000344202
2670000000357744
2670000000357745
2670000000357748
2670000000374145
2670000000395506
2670000000395510
2670000000395515
2670000000395516
2670000000406778
2670000000416493
2670000000416644
2670000000416985
2670000000488493
2670000000555662
2900000000000141
2940000000000166
2940000000001081
3190000000021121
3190000000021125
3190000000021130
3190000000021164
3190000000021192
3190000000021203
3190000000021221
3190000000021223
3190000000021241
3190000000021250
3190000000021252
3190000000021257
3190000000021265
3190000000021266
3190000000021274
3190000000021276
3190000000021277
3190000000025297
3190000000025376
3190000000025381
3270000000000381
3280000000000314
3280000000006168
3280000000006171
3280000000037291
3280000000037295
3280000000037311
3280000000037312
3280000000037718
3280000000037857
3280000000039117
3280000000039121
3340000000000139
3340000000001953
3360000000001943
3360000000002139
3360000000004466
3360000000004671
3360000000006884
3360000000007436
3360000000349868
3360000000364977
3360000000364979
3360000000365005
3360000000365008
3360000000365010
3360000000365011
3360000000365015
3360000000365022
3360000000365036
3360000000365040
3360000000365050
3360000000365051
3360000000365064
3360000000365076
3360000000365077
3360000000365091
3360000000365104
3360000000365135
3360000000365142
3360000000365160
3360000000365182
3360000000365186
3360000000365208
3360000000365211
3360000000365212
3360000000365214
3360000000365215
3360000000365216
3360000000365218
3360000000365226
3360000000365227
3360000000365265
3360000000365269
3360000000456556
3360000000456681
3360000000456881
3360000000456947
3360000000456981
3370000000000672
3380000000000333
3380000000000358
3380000000000403
3390000000047340
3400000000000593
3400000000000899
3400000000000901
3400000000002199
3400000000130050
3440000000000814
3460000000021130
3460000000021168
3460000000021169
3460000000021206
3460000000021220
3460000000021226
3460000000021324
3460000000021427
3460000000021449
3460000000085243
3460000000085247
3460000000085248
3460000000085255
3460000000085290
3460000000121467
3460000000121477
3460000000121481
3460000000121553
3460000000121567
3460000000121575
3460000000121585
3460000000121589
3580000000000330
3580000000001402
3580000000001435
3580000000001471
3680000000170754
3680000000170756
3680000000170791
3680000000170794
3680000000170832
3680000000170884
3680000000170937
3680000000170940
3680000000170943
3680000000170954
3680000000170965
3680000000170974
3680000000170985
3680000000171036
3680000000171041
3680000000171054
3680000000171057
3680000000171091
3680000000171169
3680000000171180
3680000000171201
3710000000084863
3710000000084867
3710000000084868
3710000000228631
3710000000251386
3710000000267552
3710000000267554
3710000000267559
3710000000267561
3710000000267563
3710000000311004
3710000000325467
3710000000325475
3710000000382408
3710000000382552
3710000000384860
3710000000385004
3710000000398307
3710000000404457
3710000000410199
3710000000413092
3710000000423206
3710000000423213
3710000000477948
3710000000483054
3710000000499498
3710000000499500
3710000000580461
3710000000656119
3710000000717718
3710000000717721
3710000000745424
3710000000772740
3710000000838855
3710000000849145
3710000000854433
3710000000955793
3710000000956601
3710000000956650
3710000000978768
3710000000987354
3710000001006994
3710000001058163
3710000001058419
3710000001079632
3710000001092043
3710000001111368
3720000000017497
3720000000037873
3780000000080045
3780000000095680
3780000000382821
3780000000416390
3790000000056068
3790000000124318
3800000000057341
3810000000049454
3810000000049466
3810000000289327
3820000000012810
3820000000012816
3820000000013924
3820000000014004
3820000000015000
3820000000015246
3820000000033700
3830000000000005
3860000000009855
3860000000068390
3880000000004104
3880000000005330
4100000000313269
4100000000393433
4100000000393493
4100000000931475
4100000000986560
4100000001112406
4100000001192435
4100000001650551
4100000002701919
4100000003786528
4100000003844560
4100000003845214
4100000003845219
4100000003845220
4100000004098608
4100000005250023
4100000006459373
4100000007108721
4100000007108722
4100000007111204
4100000007119150
4100000007119151
4100000007192176
4100000007221382
4100000007547928
4100000007649079
4100000007698519
4100000007750487
4100000008197229
4100000008702802
4100000008702818
4100000008702988
4100000008703007
4100000008705814
4100000008738021
4100000008773333
4100000008870765
4100000008953793
4100000008953795
4100000008953798
4100000009185870
4100000009375458
4100000009457098
4100000009515864
4100000009515871
4100000009598633
4100000009840052
4100000009840056
4100000009910578
4100000009910579
4100000009910580
4100000009910581
4100000009913887
4100000009929919
4100000009929922
4100000009950568
4100000009951406
4100000009965649
4100000010008807
4100000010008808
4100000010008817
4100000010040233
4100000010040240
4100000010118146
4100000010120451
4100000010120466
4100000010160779
4100000010163097
4100000010265581
4100000010349800
4100000010349808
4100000010565913
4100000010565914
4100000010650819
4100000010650826
4100000010674461
4100000010674462
4100000010674465
4100000010766753
4100000010956274
4100000011044296
4100000011044300
4100000011048551
4100000011048557
4100000011141279
4100000011141284
4100000011222289
4100000011222290
4100000011222296
4100000011245663
4100000011245674
4100000011255886
4100000011255894
4100000011255899
4100000011285508
4100000011288275
4100000011300632
4100000011300645
4100000011352672
4100000011354608
4100000011355005
4100000011373570
4100000011374846
4100000011375673
4100000011457960
4100000011559246
4100000011559269
4100000011568168
4100000011642416
4100000011672321
4100000011677281
4100000011717005
4100000011742814
4100000011776893
4100000011776896
4100000011776897
4100000011793096
4200000000000217
4330000000014650
4330000000014684
4330000000014685
4330000000019352
4330000000416489
4330000000416557
4330000000416630
4330000000416865
4330000000416885
4330000001269220
4330000001270035
4330000001277516
4340000000000774
4340000000012354
4340000000115154
4340000000116135
4340000000116574
4340000000128000
4340000000221281
4340000000221430
4340000000221433
4340000000221494
4340000000221501
4340000000221525
4340000000221550
4340000000221553
4340000000226597
4340000000226611
4340000000226615
4340000000226665
4340000000226682
4340000000226776
4340000000226803
4340000000226861
4340000000226880
4340000000226904
4340000000226933
4340000000227000
4340000000227014
4340000000227025
4340000000227060
4340000000227078
4340000000231719
4340000000231725
4340000000231735
4340000000231761
4340000000231780
4340000000231791
4340000000231805
4340000000231838
4340000000231884
4340000000231950
4340000000231965
4340000000231999
4340000000232590
4340000000232749
4340000000232885
4340000000233006
4340000000233124
4540000000000176
4560000000000331
4560000000000926
4900000000509374
4920000000021689
4920000000520629
4920000000588270
4920000000590544
4920000000590797
4930000000040109
4930000000051142
4930000000051183
4930000000051227
4960000000013046
5280000000012289
5280000000193860
5280000000194979
5280000000195641
5280000000196687
5280000000202928
5350000000001877
5350000000002078
5450000000012730
5450000000013988
5470000000498060
5590000000001764
9870000000000893
9870000000000994
9870000000002136
