954921333006
954921336056
954921336070
954921338097
954921354361
954921360457
954921362487
954921367579
954921408299
954921408305
954921412373
954921412379
954921423577
954925241048
954925374820
954925375837
954925383057
954925384096
954925384100
954925386161
954925387174
954925390260
954925394375
954925399515
954925399516
954925400552
954925404642
954925404645
954925404648
954925406718
954925408766
954925409778
954925409779
954925409783
954925409789
954925411842
954925415933
954925415941
954925420064
954925420065
954925422121
954925425179
954925428262
954925429297
954925430326
954925432370
954925436469
954925441580
954925443628
954925443642
954925444656
954925446723
954925447730
954925448767
954925448770
954925449795
954925449798
954925453896
954925460093
954925473394
954925476473
954925477497
954925488808
954925493933
954925494969
954925495999
954925496037
954925497058
