6864178
6864221
6865658
6865620
6878137
6832207
6866652
6865398
6872784
6826785
6832784
6832810
6822197
6872995
6864780
6842336
6832806
6847190
6832776
6866696
7596392
6832769
6846832
6833248
6832799
6832793
6846805
6832804
6846886
6846838
6833254
6833260
5600848
6838572
5080377
6836097
6876868
6819126
6865863
6818923
6832779
6865876
6838573
6865468
5526963
6874655
5436160
5527249
6874660
6871528
5528526
6663031
6871654
5530509
5530691
6865918
6872122
6840332
9557118
5539193
5442122
5442138
5442269
5442542
6844254
6876303
5544142
5544340
5544419
5544872
5545559
5601390
5629451
5634713
5769540
6876755
5905315
5918170
5918196
5981245
6077890
6077916
6103159
6173586
6173661
6826493
8453717
7034585
6921921
6776113
6625595
7039148
7606379
7606772
8634012
8634504
