6864221|1|1|
6865658|1|1|
6865620|1|1|
6878137|1|1|
6832207|1|1|
6866652|1|1|
6865398|1|1|
6872784|2|1|
6826785|2|1|
6832784|1|1|
6832810|3|1|
6822197|3|1|
6872995|2|1|
6864780|1|1|
6842336|1|1|
6832806|1|1|
6847190|1|1|
6832776|1|1|
6866696|1|1|
7596392|2|1|
6832769|1|1|
6846832|1|1|
6833248|1|1|
6832799|1|1|
6832793|1|1|
6846805|1|1|
6832804|2|1|
6846886|1|1|
6846838|1|1|
6833254|2|1|
6833260|1|1|
5600848|4|1|
6838572|1|1|
5080377|2|1|
6836097|3|1|
6876868|2|1|
6819126|1|1|
6865863|1|1|
6818923|1|1|
6832779|1|1|
6865876|1|1|
6838573|1|1|
6865468|3|1|
5526963|2|1|
6874655|2|1|
5436160|3|1|
5527249|2|1|
6874660|2|1|
6871528|2|1|
5528526|2|1|
6663031|2|1|
6871654|2|1|
5530509|2|1|
5530691|2|1|
6865918|1|1|
6872122|2|1|
6840332|3|1|
9557118|2|1|
5539193|2|1|
5442122|2|1|
5442138|2|1|
5442269|2|1|
5442542|3|1|
6844254|4|1|
6876303|2|1|
5544142|2|1|
5544340|2|1|
5544419|2|1|
5544872|4|1|
5545559|2|1|
5601390|2|1|
5629451|2|1|
5634713|2|1|
5769540|2|1|
6876755|2|1|
5905315|2|1|
5918170|2|1|
5918196|2|1|
5981245|2|1|
6077890|2|1|
6077916|2|1|
6103159|2|1|
6173586|2|1|
6173661|2|1|
6826493|1|1|
8453717|4|1|
7034585|2|1|
6921921|1|1|
6776113|1|1|
6625595|4|1|
7039148|3|1|
7606379|4|1|
7606772|4|1|
8634012|3|1|
