6864178|954925373795|
6864221|954925389246|
6865658|954925458028|
6865620|954925517582|
6878137|954925525804|
6832207|954926247587|
6866652|954927548286|
6865398|954927687731|
6872784|110975506069153|
6826785|110976725601496|
6832784|110976725601530|
6832810|110976725601578|
6822197|110978966561596|
6872995|110978977123932|
6864780|110978977123974|
6842336|110978977561725|
6832806|110978978740335|
6847190|110978978950286|
6832776|110978978959400|
6866696|110978979119727|
7596392|110978979594155|
6832769|110978984250706|
6846832|110978984252770|
6833248|111093463275000|
6832799|111093463275004|
6832793|111093463275006|
6846805|111093463275008|
6832804|111093463275010|
6846886|111093463276016|
6846838|111093463276018|
6833254|111093463276022|
6833260|111093463276038|
5600848|111093463528024|
6838572|111093463528032|
5080377|991042727098066|
6836097|991042728083666|
6876868|991042732533282|
6819126|991042732557944|
6865863|991042732715526|
6818923|991042736744972|
6832779|991042749630298|
6865876|1000000000017193|
6838573|1000000000210332|
6865468|1000000000210392|
5526963|1000000000220654|
6874655|1000000000222777|
5436160|1000000000222821|
5527249|1000000000222871|
6874660|1000000000222962|
6871528|1000000000273120|
5528526|1000000000277683|
6663031|1000000000289640|
6871654|1000000000289645|
5530509|1000000000332045|
5530691|1000000000374948|
6865918|1000000000391719|
6872122|1000000000440199|
6840332|1000000000498268|
9557118|1000000000568086|
5539193|1000000000717900|
5442122|1000000000745569|
5442138|1000000000745977|
5442269|1000000000760174|
5442542|1000000000804372|
6844254|1000000000809464|
6876303|2560000000078767|
5544142|2670000000015210|
5544340|2670000000027745|
5544419|2670000000033853|
5544872|2670000000070867|
5545559|2670000000120804|
5601390|2670000000132138|
5629451|2670000000132157|
5634713|2670000000157893|
5769540|2670000000212675|
6876755|2670000000233500|
5905315|2670000000263881|
5918170|2670000000274903|
5918196|2670000000274929|
5981245|2670000000312307|
6077890|2670000000338858|
6077916|2670000000338884|
6103159|2670000000345073|
6173586|2670000000374171|
6173661|2670000000374246|
6826493|2670000000409767|
8453717|2670000000554053|
7034585|2670000000554760|
6921921|2670000000566806|
6776113|3380000000000186|
6625595|3710000000126514|
7039148|3710000000353970|
7606379|3710000000536519|
7606772|3710000000536952|
8634012|3710000000998437|
8634504|4100000005061568|
