110975506072061
110976725601464
110976725601490
110976725601568
110978966550108
110978976472687
110978976781469
110978978196304
110978978382621
110978978383845
110978978742725
110978979117671
110978979269430
110978984444249
110978984567017
110978984567031
111021054527096
111041289217016
111056648713030
111093463276012
111093463276036
111093463528022
991042725893012
991042728070824
991042731722898
991042732613860
991042732749910
991042741261108
1000000000026299
1000000000026308
1000000000210342
1000000000210345
1000000000210353
1000000000210356
1000000000210357
1000000000210359
1000000000210360
1000000000210368
1000000000210373
1000000000210374
1000000000210380
1000000000210389
1000000000210390
1000000000210391
1000000000210393
1000000000210395
1000000000210401
1000000000210402
1000000000210403
1000000000289349
1000000000327275
1000000000423084
1000000000525483
1000000000698250
1000000000698279
1000000000698585
1000000000698723
1000000000714475
1000000000749899
1000000000798864
2550000000014592
2550000000014870
2550000000014886
2660000000008952
2670000000054139
2670000000263858
2670000000395304
2670000000395427
2670000000409741
2670000000485462
2670000000525441
3310000000005169
3360000000482634
3420000000000002
3460000000085432
3710000000520832
3780000000080097
3780000000108716
3780000000385878
3790000000132472
3800000000152137
4100000004840268
4100000005323011
4330000001276045
4920000000476718
5470000000497351
5470000000497823
5490000000080191
5490000000080193
5490000000080247
5490000000080248
5490000000080249
5490000000080250
5490000000080251
5490000000080252
5490000000080253
5490000000080254
5490000000080255
5490000000080256
9870000000001163
